10 3 4
0 2 1
1 3 5
1 2 7
2 3 10
10 5 4
3 5 10
2 4 9
0 2 5
2 5 8

1033 7 22
0 1 900
0 3 203
0 5 133
0 5 405
0 7 453
1 2 348
1 4 222
1 5 143
1 5 433
1 7 233
2 3 421
2 4 901
2 4 100
4 5 34
4 6 218
4 6 1033
3 4 491
3 4 1000
3 4 788
3 7 203
5 6 371
6 7 412

1033339 7 22
0 1 900
0 3 203
0 5 133
0 5 405
0 7 453
1 2 348
1 4 222
1 5 143
1 5 433
1 7 233
2 3 421
2 4 901
2 4 100
4 5 34
4 6 218
4 6 1033
3 4 491
3 4 1000
3 4 788
3 7 203
5 6 3
6 7 4

1033339 7 22
0 1 900
0 3 203
0 5 133
0 5 405
0 7 453
1 2 348
1 4 222
1 5 143
1 5 433
1 7 233
2 3 421
2 4 901
2 4 100
4 5 34
4 6 218
4 6 1033
3 4 491
3 4 1000
3 4 788
3 7 203
5 6 3
6 7 4

1033339 7 22
0 1 900
0 3 203
0 5 133
0 5 405
0 7 453
1 2 348
1 4 222
1 5 143
1 5 433
1 7 233
2 3 421
2 4 901
2 4 100
4 5 34
4 6 218
4 6 1033
3 4 491
3 4 1000
3 4 788
3 7 203
5 6 3
6 7 4

1033339 7 22
0 1 900
0 3 203
0 5 133
0 5 405
0 7 453
1 2 348
1 4 222
1 5 143
1 5 433
1 7 233
2 3 421
2 4 901
2 4 100
4 5 34
4 6 218
4 6 1033
3 4 491
3 4 1000
3 4 788
3 7 203
5 6 3
6 7 4
0 0 0