720
012345 012345
012345 012354
012345 012435
012345 012453
012345 012534
012345 012543
012345 013245
012345 013254
012345 013425
012345 013452
012345 013524
012345 013542
012345 014235
012345 014253
012345 014325
012345 014352
012345 014523
012345 014532
012345 015234
012345 015243
012345 015324
012345 015342
012345 015423
012345 015432
012345 021345
012345 021354
012345 021435
012345 021453
012345 021534
012345 021543
012345 023145
012345 023154
012345 023415
012345 023451
012345 023514
012345 023541
012345 024135
012345 024153
012345 024315
012345 024351
012345 024513
012345 024531
012345 025134
012345 025143
012345 025314
012345 025341
012345 025413
012345 025431
012345 031245
012345 031254
012345 031425
012345 031452
012345 031524
012345 031542
012345 032145
012345 032154
012345 032415
012345 032451
012345 032514
012345 032541
012345 034125
012345 034152
012345 034215
012345 034251
012345 034512
012345 034521
012345 035124
012345 035142
012345 035214
012345 035241
012345 035412
012345 035421
012345 041235
012345 041253
012345 041325
012345 041352
012345 041523
012345 041532
012345 042135
012345 042153
012345 042315
012345 042351
012345 042513
012345 042531
012345 043125
012345 043152
012345 043215
012345 043251
012345 043512
012345 043521
012345 045123
012345 045132
012345 045213
012345 045231
012345 045312
012345 045321
012345 051234
012345 051243
012345 051324
012345 051342
012345 051423
012345 051432
012345 052134
012345 052143
012345 052314
012345 052341
012345 052413
012345 052431
012345 053124
012345 053142
012345 053214
012345 053241
012345 053412
012345 053421
012345 054123
012345 054132
012345 054213
012345 054231
012345 054312
012345 054321
012345 102345
012345 102354
012345 102435
012345 102453
012345 102534
012345 102543
012345 103245
012345 103254
012345 103425
012345 103452
012345 103524
012345 103542
012345 104235
012345 104253
012345 104325
012345 104352
012345 104523
012345 104532
012345 105234
012345 105243
012345 105324
012345 105342
012345 105423
012345 105432
012345 120345
012345 120354
012345 120435
012345 120453
012345 120534
012345 120543
012345 123045
012345 123054
012345 123405
012345 123450
012345 123504
012345 123540
012345 124035
012345 124053
012345 124305
012345 124350
012345 124503
012345 124530
012345 125034
012345 125043
012345 125304
012345 125340
012345 125403
012345 125430
012345 130245
012345 130254
012345 130425
012345 130452
012345 130524
012345 130542
012345 132045
012345 132054
012345 132405
012345 132450
012345 132504
012345 132540
012345 134025
012345 134052
012345 134205
012345 134250
012345 134502
012345 134520
012345 135024
012345 135042
012345 135204
012345 135240
012345 135402
012345 135420
012345 140235
012345 140253
012345 140325
012345 140352
012345 140523
012345 140532
012345 142035
012345 142053
012345 142305
012345 142350
012345 142503
012345 142530
012345 143025
012345 143052
012345 143205
012345 143250
012345 143502
012345 143520
012345 145023
012345 145032
012345 145203
012345 145230
012345 145302
012345 145320
012345 150234
012345 150243
012345 150324
012345 150342
012345 150423
012345 150432
012345 152034
012345 152043
012345 152304
012345 152340
012345 152403
012345 152430
012345 153024
012345 153042
012345 153204
012345 153240
012345 153402
012345 153420
012345 154023
012345 154032
012345 154203
012345 154230
012345 154302
012345 154320
012345 201345
012345 201354
012345 201435
012345 201453
012345 201534
012345 201543
012345 203145
012345 203154
012345 203415
012345 203451
012345 203514
012345 203541
012345 204135
012345 204153
012345 204315
012345 204351
012345 204513
012345 204531
012345 205134
012345 205143
012345 205314
012345 205341
012345 205413
012345 205431
012345 210345
012345 210354
012345 210435
012345 210453
012345 210534
012345 210543
012345 213045
012345 213054
012345 213405
012345 213450
012345 213504
012345 213540
012345 214035
012345 214053
012345 214305
012345 214350
012345 214503
012345 214530
012345 215034
012345 215043
012345 215304
012345 215340
012345 215403
012345 215430
012345 230145
012345 230154
012345 230415
012345 230451
012345 230514
012345 230541
012345 231045
012345 231054
012345 231405
012345 231450
012345 231504
012345 231540
012345 234015
012345 234051
012345 234105
012345 234150
012345 234501
012345 234510
012345 235014
012345 235041
012345 235104
012345 235140
012345 235401
012345 235410
012345 240135
012345 240153
012345 240315
012345 240351
012345 240513
012345 240531
012345 241035
012345 241053
012345 241305
012345 241350
012345 241503
012345 241530
012345 243015
012345 243051
012345 243105
012345 243150
012345 243501
012345 243510
012345 245013
012345 245031
012345 245103
012345 245130
012345 245301
012345 245310
012345 250134
012345 250143
012345 250314
012345 250341
012345 250413
012345 250431
012345 251034
012345 251043
012345 251304
012345 251340
012345 251403
012345 251430
012345 253014
012345 253041
012345 253104
012345 253140
012345 253401
012345 253410
012345 254013
012345 254031
012345 254103
012345 254130
012345 254301
012345 254310
012345 301245
012345 301254
012345 301425
012345 301452
012345 301524
012345 301542
012345 302145
012345 302154
012345 302415
012345 302451
012345 302514
012345 302541
012345 304125
012345 304152
012345 304215
012345 304251
012345 304512
012345 304521
012345 305124
012345 305142
012345 305214
012345 305241
012345 305412
012345 305421
012345 310245
012345 310254
012345 310425
012345 310452
012345 310524
012345 310542
012345 312045
012345 312054
012345 312405
012345 312450
012345 312504
012345 312540
012345 314025
012345 314052
012345 314205
012345 314250
012345 314502
012345 314520
012345 315024
012345 315042
012345 315204
012345 315240
012345 315402
012345 315420
012345 320145
012345 320154
012345 320415
012345 320451
012345 320514
012345 320541
012345 321045
012345 321054
012345 321405
012345 321450
012345 321504
012345 321540
012345 324015
012345 324051
012345 324105
012345 324150
012345 324501
012345 324510
012345 325014
012345 325041
012345 325104
012345 325140
012345 325401
012345 325410
012345 340125
012345 340152
012345 340215
012345 340251
012345 340512
012345 340521
012345 341025
012345 341052
012345 341205
012345 341250
012345 341502
012345 341520
012345 342015
012345 342051
012345 342105
012345 342150
012345 342501
012345 342510
012345 345012
012345 345021
012345 345102
012345 345120
012345 345201
012345 345210
012345 350124
012345 350142
012345 350214
012345 350241
012345 350412
012345 350421
012345 351024
012345 351042
012345 351204
012345 351240
012345 351402
012345 351420
012345 352014
012345 352041
012345 352104
012345 352140
012345 352401
012345 352410
012345 354012
012345 354021
012345 354102
012345 354120
012345 354201
012345 354210
012345 401235
012345 401253
012345 401325
012345 401352
012345 401523
012345 401532
012345 402135
012345 402153
012345 402315
012345 402351
012345 402513
012345 402531
012345 403125
012345 403152
012345 403215
012345 403251
012345 403512
012345 403521
012345 405123
012345 405132
012345 405213
012345 405231
012345 405312
012345 405321
012345 410235
012345 410253
012345 410325
012345 410352
012345 410523
012345 410532
012345 412035
012345 412053
012345 412305
012345 412350
012345 412503
012345 412530
012345 413025
012345 413052
012345 413205
012345 413250
012345 413502
012345 413520
012345 415023
012345 415032
012345 415203
012345 415230
012345 415302
012345 415320
012345 420135
012345 420153
012345 420315
012345 420351
012345 420513
012345 420531
012345 421035
012345 421053
012345 421305
012345 421350
012345 421503
012345 421530
012345 423015
012345 423051
012345 423105
012345 423150
012345 423501
012345 423510
012345 425013
012345 425031
012345 425103
012345 425130
012345 425301
012345 425310
012345 430125
012345 430152
012345 430215
012345 430251
012345 430512
012345 430521
012345 431025
012345 431052
012345 431205
012345 431250
012345 431502
012345 431520
012345 432015
012345 432051
012345 432105
012345 432150
012345 432501
012345 432510
012345 435012
012345 435021
012345 435102
012345 435120
012345 435201
012345 435210
012345 450123
012345 450132
012345 450213
012345 450231
012345 450312
012345 450321
012345 451023
012345 451032
012345 451203
012345 451230
012345 451302
012345 451320
012345 452013
012345 452031
012345 452103
012345 452130
012345 452301
012345 452310
012345 453012
012345 453021
012345 453102
012345 453120
012345 453201
012345 453210
012345 501234
012345 501243
012345 501324
012345 501342
012345 501423
012345 501432
012345 502134
012345 502143
012345 502314
012345 502341
012345 502413
012345 502431
012345 503124
012345 503142
012345 503214
012345 503241
012345 503412
012345 503421
012345 504123
012345 504132
012345 504213
012345 504231
012345 504312
012345 504321
012345 510234
012345 510243
012345 510324
012345 510342
012345 510423
012345 510432
012345 512034
012345 512043
012345 512304
012345 512340
012345 512403
012345 512430
012345 513024
012345 513042
012345 513204
012345 513240
012345 513402
012345 513420
012345 514023
012345 514032
012345 514203
012345 514230
012345 514302
012345 514320
012345 520134
012345 520143
012345 520314
012345 520341
012345 520413
012345 520431
012345 521034
012345 521043
012345 521304
012345 521340
012345 521403
012345 521430
012345 523014
012345 523041
012345 523104
012345 523140
012345 523401
012345 523410
012345 524013
012345 524031
012345 524103
012345 524130
012345 524301
012345 524310
012345 530124
012345 530142
012345 530214
012345 530241
012345 530412
012345 530421
012345 531024
012345 531042
012345 531204
012345 531240
012345 531402
012345 531420
012345 532014
012345 532041
012345 532104
012345 532140
012345 532401
012345 532410
012345 534012
012345 534021
012345 534102
012345 534120
012345 534201
012345 534210
012345 540123
012345 540132
012345 540213
012345 540231
012345 540312
012345 540321
012345 541023
012345 541032
012345 541203
012345 541230
012345 541302
012345 541320
012345 542013
012345 542031
012345 542103
012345 542130
012345 542301
012345 542310
012345 543012
012345 543021
012345 543102
012345 543120
012345 543201
012345 543210
