1

17 81
0 1 2.83
0 2 9.67
1 2 3.58
0 3 9.36
1 3 4.08
2 3 5.45
0 4 8.42
2 4 9.29
3 4 1.58
0 5 3.77
1 5 9.65
4 5 2.07
1 6 6.13
2 6 5.13
3 6 2.82
4 6 7.66
5 6 5.51
0 7 8.12
2 7 3.49
5 7 9.04
6 7 9.69
1 8 4.62
2 8 6.30
7 8 2.19
3 9 2.10
4 9 1.77
0 10 3.44
3 10 5.29
4 10 5.35
7 10 2.99
8 10 1.33
0 11 4.87
2 11 2.54
6 11 8.46
9 11 6.51
10 11 8.13
0 12 7.51
1 12 8.37
3 12 2.18
4 12 4.75
6 12 1.05
7 12 2.03
8 12 4.41
10 12 8.12
11 12 5.27
2 13 1.98
4 13 6.80
7 13 3.97
8 13 2.89
9 13 9.90
1 14 4.45
2 14 1.13
3 14 6.83
6 14 9.31
7 14 5.59
8 14 8.82
9 14 3.62
10 14 8.18
12 14 5.23
0 15 2.32
3 15 9.93
4 15 7.15
8 15 4.68
9 15 2.64
11 15 6.60
12 15 3.49
13 15 4.62
0 16 8.55
1 16 6.17
3 16 7.00
11 16 5.96
12 16 3.45
14 16 1.20
15 16 3.66
0 17 1.98
1 17 8.46
7 17 6.33
8 17 5.21
9 17 2.78
13 17 3.10
16 17 1.91
6
15 5.83
7 9.96
17 8.51
12 7.00
1 4.88
11 5.67
