5
1 1 1
-5
2 2 2
-1 2 0 -3 -2 -1 1 5
2 3 3
21 -39 4 -39 4 -44 1 -32 -25 -35 2 17 6 10 2 -12 -22 35
1 2 2
-38 40 21 -34
3 5 9
-38 40 21 -34 99 -20 54 778 9283
57282 82327 8384 -23847 -283 283 29 -33 -34
4871 23847 -3234 -3894729 -234 -234298 82374 74328 5742
-23847 -283472 3857 92875 02348 298347 -23847 928374 -23942
293847 -234 -2342 23847 -23487 2983472 293874 -3428 5028
4720 -234827 23847 1039 58742 -8427 -482597 -23847 84729
-38 40 21 -34 99 -20 54 778 9283
57282 82327 8384 -23847 -283 283 29 -33 -34
4871 23847 -3234 -3894729 -234 -234298 82374 74328 5742
-23847 -283472 3857 92875 02348 298347 -23847 928374 -23942
293847 -234 -2342 23847 -23487 2983472 293874 -3428 5028
4720 -234827 23847 1039 58742 -8427 -482597 -23847 84729
-38 40 21 -34 99 -20 54 778 9283
57282 82327 8384 -23847 -283 283 29 -33 -34
4871 23847 -3234 -3894729 -234 -234298 82374 74328 5742