475.6
11.9 27.4 14.98 6
102.0 99.9
220.0 132.9
256.3 147.9
275.0 102.9
277.6 112.9
381.8 100.9
516.3
15.7 22.1 20.87 3
125.4 125.9
297.9 112.9
345.2 99.9
4008.0341
23.4821 34.44 12.59 50
203.40 148.5134
402.55 581.4128
502.042 576.39148
589.432 678.4912
677.5928 586.51849
744.3918 867.3518
875.211 948.518
899.421 674.861
955.3491 764.1841
999.9999 576.518
1050.4321 768.5184
1111.1134 839.9393
1232.3412 571.8158
1344.4219 234.419
1414.4141 341.519841
1500.0000 574.34198
1567.6821 698.39148
1688.2184 681.3418
1689.1491 847.3418
1799.4921 312.3419
1811.8888 583.398
1899.9999 573.5784
1940.5061 758.348
2003.501 684.333
2020.405 999.1341980148
2133.43250 510.10348104
2222.2222 488.304810
2299.9148 677.7777
2366.5213 643.32418
2400.5918 584.3481829341
2499.9999 841.42081
2500.51234 934.3481
2567.9581 234.3412
2692.4185 123.3412
2748.258 239.481
2799.148 395.348
2811.5810 488.3418
2918.5810 593.3481
2998.1095 684.8886
3005.419 758.3158
3090.090909 834.324512351
3173.5968 912.35713
3231.5849 134.5843
3320.4158 298.3481
3444.4444 857.341
3502.3219 677.8854
3641.5198 584.388
3758.5918 589.34
3821.2999 788.343472342
3888.8888 584.89939

4008.0341
40.1 12.4 12.59 50
203.40 148.5134
402.55 581.4128
502.042 576.39148
589.432 678.4912
677.5928 586.51849
744.3918 867.3518
875.211 948.518
899.421 674.861
955.3491 764.1841
999.9999 576.518
1050.4321 768.5184
1111.1134 839.9393
1232.3412 571.8158
1344.4219 234.419
1414.4141 341.519841
1500.0000 574.34198
1567.6821 698.39148
1688.2184 681.3418
1689.1491 847.3418
1799.4921 312.3419
1811.8888 583.398
1899.9999 573.5784
1940.5061 758.348
2003.501 684.333
2020.405 999.1341980148
2133.43250 510.10348104
2222.2222 488.304810
2299.9148 677.7777
2366.5213 643.32418
2400.5918 584.3481829341
2499.9999 841.42081
2500.51234 934.3481
2567.9581 234.3412
2692.4185 123.3412
2748.258 239.481
2799.148 395.348
2811.5810 488.3418
2918.5810 593.3481
2998.1095 684.8886
3005.419 758.3158
3090.090909 834.324512351
3173.5968 912.35713
3231.5849 134.5843
3320.4158 298.3481
3444.4444 857.341
3502.3219 677.8854
3641.5198 584.388
3758.5918 589.34
3821.2999 788.343472342
3888.8888 584.89939

4444.0
39.1 52.4 12.59 50
203.40 148.5134
402.55 581.4128
502.042 576.39148
589.432 678.4912
677.5928 586.51849
744.3918 867.3518
875.211 948.518
899.421 674.861
955.3491 764.1841
999.9999 576.518
1050.4321 768.5184
1111.1134 839.9393
1232.3412 571.8158
1344.4219 234.419
1414.4141 341.519841
1500.0000 574.34198
1567.6821 698.39148
1688.2184 681.3418
1689.1491 847.3418
1799.4921 312.3419
1811.8888 583.398
1899.9999 573.5784
1940.5061 758.348
2003.501 684.333
2020.405 999.1341980148
2133.43250 510.10348104
2222.2222 488.304810
2299.9148 677.7777
2366.5213 643.32418
2400.5918 584.3481829341
2499.9999 841.42081
2500.51234 934.3481
2567.9581 234.3412
2692.4185 123.3412
2748.258 239.481
2799.148 395.348
2811.5810 488.3418
2918.5810 593.3481
2998.1095 684.8886
3005.419 758.3158
3090.090909 834.324512351
3173.5968 912.35713
3231.5849 134.5843
3320.4158 298.3481
3444.4444 857.341
3502.3219 677.8854
3641.5198 584.388
3758.5918 589.34
3821.2999 788.343472342
3888.8888 584.89939

3994.0
39.1 9.4 12.59 50
203.40 148.5134
402.55 581.4128
502.042 576.39148
589.432 678.4912
677.5928 586.51849
744.3918 867.3518
875.211 948.518
899.421 674.861
955.3491 764.1841
999.9999 576.518
1050.4321 768.5184
1111.1134 839.9393
1232.3412 571.8158
1344.4219 234.419
1414.4141 341.519841
1500.0000 574.34198
1567.6821 698.39148
1688.2184 681.3418
1689.1491 847.3418
1799.4921 312.3419
1811.8888 583.398
1899.9999 573.5784
1940.5061 758.348
2003.501 684.333
2020.405 999.1341980148
2133.43250 510.10348104
2222.2222 488.304810
2299.9148 677.7777
2366.5213 643.32418
2400.5918 584.3481829341
2499.9999 841.42081
2500.51234 934.3481
2567.9581 234.3412
2692.4185 123.3412
2748.258 239.481
2799.148 395.348
2811.5810 488.3418
2918.5810 593.3481
2998.1095 684.8886
3005.419 758.3158
3090.090909 834.324512351
3173.5968 912.35713
3231.5849 134.5843
3320.4158 298.3481
3444.4444 857.341
3502.3219 677.8854
3641.5198 584.388
3758.5918 589.34
3821.2999 788.343472342
3888.8888 584.89939
-1