1000
1813 2439
2137 83
2427 1062
232 991
1345 1012
54 2102
1519 2798
270 1804
1915 1242
392 1476
2251 2944
1456 1412
2472 250
2952 1528
700 435
948 1611
2446 2255
1894 1671
991 790
2228 2428
864 1244
2866 2789
2016 2793
1521 601
1473 1857
863 2241
971 1796
1926 721
2503 1978
1584 272
2514 2938
1249 2473
1303 574
555 2379
891 743
1838 1053
45 368
1200 389
868 1400
2720 2187
888 2864
992 2481
2240 2990
2291 848
1130 2575
172 2470
856 421
2029 346
794 1915
288 595
1247 2957
535 1523
2211 2701
2753 2066
1996 2849
2711 1059
2864 1003
2069 1255
547 744
2748 1807
416 1181
2742 1670
641 247
2710 323
1540 1342
1087 1283
2732 742
37 459
2543 1356
2136 1390
148 968
1976 1144
2728 495
1193 185
875 2815
2249 307
1342 1359
59 1822
1024 102
1037 2180
595 2663
2588 2311
1557 753
1621 1541
1830 1346
2166 578
1366 2883
731 198
2756 907
2413 978
1668 95
531 2680
2869 518
1130 1734
1730 2853
600 267
2657 1344
860 533
1285 95
2269 691
601 2122
2680 1821
2258 1985
1824 1403
1735 2869
1521 1227
2922 2758
2113 1659
178 1304
2879 1297
793 2794
2765 460
2625 2555
1977 1724
1451 2672
1902 1873
598 2657
2234 1239
743 1398
1279 1300
1896 2328
2639 122
1441 1964
111 100
1721 2679
271 1268
1580 818
1204 2967
915 2059
513 947
1054 186
713 1710
1008 1039
1187 2174
2782 969
2127 1031
362 2032
204 2985
1936 2004
1060 1193
1870 516
1913 860
264 1360
2459 1163
742 358
367 76
1982 2633
1720 387
1886 2822
1693 285
610 1380
1052 2944
816 2807
1923 552
145 1991
1207 873
1195 616
242 654
2787 491
404 2593
1172 1469
2304 874
2627 2238
2143 1330
1014 2104
1938 1980
2304 2290
1132 2913
1247 2002
2675 773
523 1961
1968 279
2225 2744
2890 1146
1294 1559
1424 1689
333 1039
1756 111
193 782
1630 381
354 1808
1270 2059
490 208
2660 1916
1073 1646
441 1452
2847 1199
2765 683
2257 593
877 1407
1977 1756
47 2736
1526 278
2428 2429
2677 2344
1208 2930
2513 218
1697 200
2649 1436
1906 2120
1786 1417
176 692
1028 1585
2245 283
1335 1825
1344 2297
272 2900
772 883
810 2388
40 1812
2479 2098
1055 1118
781 194
2352 2723
2063 230
311 945
362 2754
1808 2461
2740 1434
672 649
591 1927
236 2120
492 274
1312 14
1825 2266
781 843
297 2741
136 1702
1590 1214
1514 2205
1504 1108
51 1853
1363 1683
1941 2332
1887 1686
1041 1188
702 852
497 250
526 1608
2967 1691
1772 2035
2526 468
166 1158
2994 2484
2843 2597
900 107
1848 235
2478 1909
2457 1668
1559 2222
346 611
1864 2010
2328 487
490 443
1233 1272
2627 2113
1333 61
2214 1413
613 442
2313 2276
1034 2295
1206 1316
1074 242
2858 228
1413 1895
142 44
2857 2842
2179 1582
2075 2900
2798 604
2494 1040
1416 85
2399 2144
2483 2738
453 1339
2227 47
70 742
2228 2942
789 383
1023 1163
2705 1137
1467 237
2683 2665
2233 1507
2687 2115
1360 1542
626 2044
1034 2250
783 1253
1075 67
100 1358
401 2862
1961 2846
1897 2683
1623 814
1925 503
1672 660
2769 2634
1892 2644
2383 1684
2914 2375
2477 1849
2333 2020
313 2405
2006 2014
984 907
1989 2540
1203 1153
2521 1601
2817 531
1604 2089
1025 1017
1303 1444
1682 1604
2280 1236
1096 2874
1341 2775
725 2039
1556 2813
176 1234
9 767
1992 2944
543 1584
2573 1807
1014 366
1809 2052
804 158
706 2493
598 1498
2166 1031
1844 1837
899 286
2980 451
692 568
758 224
1329 2343
1067 944
324 2909
1655 2918
1093 1078
2246 2379
1487 2980
2774 1856
792 1809
271 1810
1952 143
2185 593
2959 965
447 2096
560 2130
2481 2164
2113 595
123 1924
1081 429
541 590
5 585
688 2824
689 1159
2854 1816
1218 2539
1014 257
1441 313
2234 1067
464 1987
1393 1621
2379 1931
1934 2750
1070 2549
1029 54
1181 2267
2393 2866
20 1909
2453 1411
1252 8
2919 2341
890 1320
351 1718
1269 2874
2478 622
390 819
2289 481
487 1270
823 2117
2180 518
1215 2995
2195 379
334 1711
1271 2810
2877 2147
470 2523
2197 2284
1378 2792
2342 2642
1087 2529
2928 872
29 28
1234 293
1346 138
1578 1439
1576 584
697 1362
1654 1011
1916 722
2935 426
2678 1654
665 471
2173 116
456 1224
2091 553
1191 272
1805 1180
1760 2401
1758 2822
791 2972
1064 1983
2345 148
978 2542
451 1221
220 176
311 1645
1893 1481
2434 1787
476 2068
369 1876
2352 2126
2821 1885
2298 2584
2495 2214
2033 486
353 2735
1803 66
451 2419
1633 2777
2182 683
2098 2465
2680 1262
1216 584
2677 1887
771 2992
2818 1876
1055 2790
275 2097
1291 308
138 1710
2291 63
1366 1447
2663 1268
46 1813
2488 263
2355 2402
787 2670
1998 672
1712 1581
923 1053
1782 1979
1564 739
475 2761
277 416
689 1709
83 2270
1849 992
2220 1123
2899 433
2043 1619
197 2435
2345 164
2733 72
1474 1507
2995 379
506 2252
631 1372
1451 2119
2027 1847
730 565
174 1227
1617 2600
948 1647
32 636
896 1623
1629 1049
702 2352
2688 29
2475 2506
1768 380
2775 88
606 2104
903 2888
1918 996
2022 1297
1631 2745
223 2881
2009 1828
1369 1795
2124 1183
2106 248
2978 1547
1330 2510
394 1244
932 645
1627 2398
2447 1507
1377 1800
1555 1436
2443 1622
557 614
2182 2504
2157 677
1498 55
2412 2189
383 109
2791 64
1439 2887
445 1821
883 640
2688 2265
93 1504
1606 2903
1238 1538
2251 42
329 814
199 2795
920 2624
2329 671
2716 595
478 489
565 835
1829 2734
459 2685
2855 492
1518 2137
38 999
1957 2071
832 2579
1102 1000
1499 412
14 755
1205 1791
400 1005
2908 130
1609 1084
2671 2210
1168 2138
1013 433
111 2103
2785 2793
1250 2022
2304 1114
2205 1269
2885 2508
733 506
196 477
168 45
1287 1045
1400 1241
651 901
639 767
2717 1281
2276 1668
1537 129
2745 203
2915 1289
2012 2811
1130 2108
443 1813
1161 654
2606 2892
1375 2849
2959 768
2625 230
1734 1940
1729 2356
1973 467
1552 2503
972 1395
2322 202
2201 2638
2680 2651
244 1444
616 2244
1471 640
1122 1253
1233 624
1639 2050
1826 1948
1905 294
2559 2732
593 2239
2218 284
2174 2766
2200 1938
2098 2804
331 1733
2087 2242
60 2367
1561 1659
2973 2717
533 568
6 1467
1578 2336
1770 2615
1014 2418
1474 2730
615 2590
1171 2901
2911 1809
1515 1250
183 763
50 1945
2047 1180
2635 581
1107 2984
2448 1890
1673 24
181 1253
262 2325
957 2383
1514 598
1904 2952
20 2837
1429 967
1899 2322
1355 1793
1065 1576
2648 2855
2117 1278
772 2212
166 291
820 1059
2699 1777
1980 2053
2188 1822
2712 824
107 76
1854 2795
2238 1829
1480 2529
1908 800
1070 2513
2621 2957
1477 1469
961 2129
2597 2599
2316 802
1911 2265
1643 2438
2276 462
2354 506
2511 2747
2000 777
2920 1495
285 1797
1666 1351
2376 672
2360 2134
2478 619
1598 1452
2515 1936
2018 1732
2436 1477
2494 417
465 1961
1731 2070
2008 1781
2024 1561
1710 1740
1552 2878
2584 401
336 2912
2348 420
1041 2854
153 2750
1686 407
731 2706
2045 2926
2240 1643
2058 553
112 490
1279 1414
443 1426
1875 1026
1025 1483
1034 1423
2545 1596
1724 2345
1517 950
263 2320
296 2998
269 979
2897 836
910 1219
1322 1938
39 443
2766 112
2510 888
944 1999
2561 291
2485 2433
2310 261
1965 1639
2369 1767
2528 1138
190 1044
79 2910
611 2233
2832 532
39 2371
237 2297
375 2399
2505 738
1235 745
2909 1742
2312 1164
1941 2123
1418 2201
1623 469
852 694
1909 1652
1297 1590
2681 1431
1616 1402
795 2480
2470 1943
102 934
2965 2417
2612 2494
2466 2179
2997 2206
213 624
929 1813
1745 990
2141 2678
413 2096
546 1386
785 2996
1512 1875
1228 1767
66 633
1077 299
2664 2696
432 259
1180 1194
1544 1457
1135 2714
2824 1721
287 2050
1450 2820
1912 576
1912 1433
848 1365
1544 777
2415 740
1235 752
950 118
801 2213
1897 1217
437 1463
2395 194
17 745
2041 1417
129 2352
167 1431
2521 2157
2735 2997
2548 824
1315 1122
1755 596
2432 2802
2447 2741
2311 367
152 1870
2413 482
2987 1394
2932 2705
2405 453
2000 2105
81 1605
2084 1137
36 2588
1056 11
1357 2218
1626 384
1693 997
2850 522
795 1027
1565 2714
1158 2038
750 2230
1826 2657
357 1218
688 433
2499 509
2973 935
2160 1244
1289 401
1510 1794
2230 2536
668 547
1384 1176
807 195
2701 966
560 747
2855 189
994 1510
2772 2820
460 2462
408 2132
2777 2702
1303 1424
1346 241
2465 804
74 566
2056 2832
1873 2864
1740 2847
2699 2910
2585 2908
1038 131
1101 1700
2663 848
22 1981
650 2354
44 588
494 721
207 1964
943 397
826 1087
937 567
2395 2870
2199 298
1629 2078
1745 692
2072 14
1216 2413
81 380
1917 2928
434 2255
746 582
711 1926
333 2574
1420 301
1047 743
448 544
1127 2827
89 444
698 2873
2644 2482
1152 211
1429 1313
2571 762
2394 1039
1047 877
1204 2903
534 722
437 439
154 1771
2667 1982
2780 639
2044 784
1743 1399
675 291
35 588
1852 1082
2539 88
2649 2547
1574 1415
2829 1738
2627 229
1913 1596
2449 1455
360 1528
2950 2114
2289 106
607 274
1259 528
2571 536
1481 1347
1877 104
70 2593
26 2507
191 2602
1550 1154
2999 2035
1261 2305
549 1962
2366 1841
930 384
471 1892
605 1755
643 2006
1173 142
315 2310
1931 1371
237 2395
1499 1216
1612 1227
112 200
2611 1857
1946 2241
1965 1476
284 189
2985 1069
1781 336
1933 1367
167 1276
1117 1308
1510 2344
1614 1087
859 1210
1877 2338
2269 2322
2460 2986
2133 111
1129 1559
295 2221
2767 2106
8 2238
336 2395
2118 597
2382 2724
1489 260
1304 765
2282 1991
2827 2188
2950 2758
1308 682
1587 1244
713 736
937 2418
2445 1219
1212 2335
1535 2628
176 1818
1795 1246
2414 1517
1493 947
144 368
146 2134
877 2061
2426 1078
488 1979
2765 2997
2411 1597
2044 2268
2562 2238
2082 49
56 2633
195 264
2712 485
288 2353
278 2057
325 451
6 2361
2345 2308
1687 1225
140 1672
512 2261
93 1533
1069 1107
2246 1862
2596 469
1264 2447
2382 703
1499 2748
1721 709
1605 628
2746 348
1059 283
2959 1446
1411 734
1227 2051
1522 205
2576 2187
1647 2049
2147 1204
2770 1096
1769 2846
633 1214
1278 907
101 1504
1244 2011
2139 2705
1563 2389
2325 470
1395 2253
2431 2872
838 2955
326 1165
2442 1462
2195 2476
1463 868
255 2253
791 1414
1099 2791
2414 872
24 513
1449 1730
2126 633
1000 1326
1965 1566
153 1610
1000
2614 283
1081 1919
1115 2592
381 1760
1558 698
623 1888
2667 1314
883 2080
964 1523
437 1993
1508 818
762 398
1991 2859
1904 1053
2772 2731
1158 233
1516 1719
1470 118
103 1526
2221 435
2244 1302
594 2361
1558 1468
2575 1492
2830 2326
1007 1371
902 2881
102 1715
2652 967
2113 807
2701 556
725 2221
2119 2411
828 2673
1644 2826
594 1896
2578 114
2310 2722
6 2127
803 2672
1410 407
1947 2033
1700 2621
1395 1344
369 1262
427 2737
1642 2210
981 2600
1653 2480
2333 607
2162 1440
2862 1714
2042 281
2028 1229
2408 1049
2204 2313
600 546
2349 1857
1573 2367
2473 893
2681 916
1985 2045
1154 746
784 2560
1887 699
1976 1893
1975 2858
1357 2678
2620 893
622 1747
1801 1790
2164 1435
358 2567
1107 1578
1091 2139
319 1159
2685 1809
2715 109
129 123
1775 2284
1504 1410
2067 817
635 279
1629 1597
2395 1974
1138 1266
2237 1758
550 902
1013 554
114 2647
2001 2349
1088 431
1762 1024
961 2756
452 512
112 2806
319 2884
628 1969
1151 2902
2228 2915
1309 970
606 533
2939 297
2256 1930
2960 243
362 2618
123 71
2269 720
1318 1370
1330 2466
1426 346
1716 1109
1548 517
1965 2427
1023 1189
1513 2842
1539 908
1363 515
2530 477
1612 353
824 971
1202 1797
702 6
513 114
1535 2682
220 1022
2007 961
1909 1836
55 1107
525 1705
2973 166
949 203
494 655
2597 252
736 2170
463 75
1470 1863
968 444
269 2307
163 2461
2317 431
1499 2881
937 791
1472 703
2559 1511
2108 2496
1764 2653
114 2330
933 3
391 2945
1329 2518
535 1705
689 639
2719 758
2337 267
2549 663
2196 1035
2940 2174
1897 1192
2118 1433
2959 1850
2214 2645
343 1949
2724 945
1480 2764
288 1062
2544 2393
1470 2876
1755 464
847 2285
837 431
2579 608
2181 1235
2885 768
2042 2613
2470 2236
181 447
757 2822
1089 2448
1767 2856
334 2258
2144 1239
420 2568
488 108
2945 488
1951 2124
2897 532
1901 2517
2953 2483
1068 100
1967 1040
1618 2114
508 395
2201 330
1263 1536
1974 1318
2947 1282
996 2504
812 895
1610 2205
2578 330
758 2316
1508 1789
2361 868
2634 2452
914 2589
415 266
443 2895
128 904
535 350
1360 2671
2386 1518
2692 852
1956 2619
2213 867
2681 824
2191 1054
1771 541
618 551
1804 2903
2604 1529
503 1202
2934 1748
2647 2314
2568 1986
2991 1697
961 429
2037 864
1501 468
595 2323
1501 1369
1223 1917
1915 1346
50 2320
1982 2559
1661 1856
1650 1428
498 1447
2629 2486
330 611
2353 2264
180 2863
1241 1150
1825 206
556 1495
1937 65
2161 2828
1725 70
1752 2576
986 1900
2588 546
1925 404
564 265
878 2083
1543 10
2670 670
666 438
2597 291
2526 2180
2483 389
992 2569
2922 1158
1926 2385
1080 802
1171 295
2934 215
124 2767
1909 2235
1111 2254
2534 112
684 430
1260 2263
1816 2410
2088 2916
1769 1358
2746 1277
1057 2281
763 355
657 1369
1781 2136
1317 2670
123 1417
2324 895
1870 145
2549 2149
2251 1154
2513 2937
1300 490
1544 1393
2326 488
2128 2776
183 1981
211 1016
2928 1512
1076 2275
1907 2970
2924 453
1944 2160
888 307
2540 114
2154 822
1311 324
115 1834
615 286
342 1525
1041 403
726 1334
1459 2052
134 85
998 1834
209 1461
403 1360
1722 313
2263 2396
2682 2123
1854 968
1379 2334
1580 172
814 2636
2824 967
1737 1718
2966 1102
1957 550
1142 1442
210 1451
1023 308
1548 1998
1271 2679
1493 1883
2964 1597
1033 400
1490 1261
1529 367
2716 1807
1299 1941
2744 1574
2880 2655
2958 75
35 152
102 1870
2121 2945
902 1729
1509 2676
2183 2465
812 2481
2660 1819
586 1983
69 928
789 1563
718 1988
814 2886
983 2293
2352 1198
2378 1734
1879 2864
785 2836
1271 316
1520 2482
123 288
1128 606
892 2380
1361 2555
2661 2004
2011 2525
1832 2080
2381 1545
1962 2247
1706 258
2294 2689
962 2901
544 2322
2691 1443
1652 2107
1113 962
1191 2869
2857 2137
1617 1471
1749 201
1430 203
2505 2521
1214 604
937 334
809 190
488 2839
1407 2875
33 1507
1350 1007
2010 976
2920 740
440 2485
2755 1551
2483 1825
1594 2821
2647 1241
518 516
912 729
2501 74
737 2111
982 2800
932 1929
82 1559
707 1492
1836 2316
85 1570
1995 49
2015 1014
2077 2497
2825 438
540 2280
841 1941
2465 1237
488 2872
279 2405
1075 674
635 2263
1907 372
1628 1985
28 2007
1620 511
491 94
1841 2117
2510 2473
2383 1562
1748 1499
1199 2976
768 774
1568 2303
284 535
740 24
2325 1160
2252 2692
1955 2066
2688 618
2326 113
1403 351
2813 2538
2623 1588
2687 1497
2891 2534
2161 1511
1886 1091
138 2158
205 758
1199 2324
194 2548
822 2347
2721 2269
2555 2694
991 538
1083 2320
2717 185
230 2688
1724 1012
2454 1112
2760 2485
1571 1095
2074 1339
1723 46
1823 297
1556 1136
1550 2848
1702 1822
2409 1446
697 1592
810 1222
2324 927
394 175
576 2138
290 29
1006 622
957 996
1621 920
2463 901
826 2191
1922 499
1169 1832
309 1006
2137 2351
815 524
167 2044
326 1937
405 2770
2433 1164
910 1199
1919 2582
1501 2865
1245 2232
603 2094
1211 100
1856 2660
1913 726
1525 2672
1994 1578
2857 1717
1855 1588
1586 1187
1287 2548
2544 1733
332 2563
807 1378
130 2672
456 1415
442 2679
2888 882
2082 2973
1688 1177
336 517
2653 273
1608 765
1869 1458
261 2561
1535 1077
2636 2873
2956 535
1035 148
601 1196
1238 1133
2658 269
1443 2966
642 1723
2203 512
2858 2092
2177 2220
1758 34
497 1604
1498 150
2871 1027
646 1209
458 100
934 18
46 1389
1084 860
461 2642
13 1748
1057 1511
2877 2764
2022 941
49 1621
2597 2346
2509 2775
1992 136
2643 2392
1662 135
7 27
1308 2365
1599 364
2856 2714
3 852
1164 100
1692 1183
1270 834
854 989
2728 2677
2732 2181
1075 509
1733 1676
785 1301
123 2879
1331 1673
2458 763
1705 1873
2368 469
2048 651
1117 2106
904 2071
1921 501
726 1531
453 1029
846 2237
1239 2158
2563 410
2643 1349
2023 312
646 944
1108 2551
781 1737
1332 2306
1732 2849
1646 1481
1012 2142
1471 642
2257 1743
2109 1082
2751 970
932 1327
2523 279
2373 197
1229 2641
327 2773
1051 1710
766 2683
2384 738
616 2461
464 532
2660 1279
1441 1059
2002 1880
768 1170
891 1484
483 1891
2144 1709
1004 2700
2854 1249
818 517
450 2978
556 917
1733 220
2571 504
1425 1912
623 520
1020 1931
2120 1737
69 1212
592 2
2605 1845
529 816
2386 994
1632 979
1775 2690
499 2015
496 2429
1298 2749
670 2612
2018 2215
2748 2134
790 1727
2464 709
2621 2699
600 2911
949 1373
2295 493
2418 2453
2758 1744
1940 1648
1293 147
2004 2166
2885 382
1880 2457
2558 605
2184 2564
1924 1826
1790 2082
1605 2097
1438 2065
2076 2136
84 899
526 2591
2676 731
1489 1492
2147 2427
1428 831
2892 1936
2508 2786
938 910
84 1202
1862 586
1986 1513
660 131
1033 876
1522 1419
921 1081
880 456
2737 454
842 1331
2922 775
2409 2959
1624 801
1009 863
458 275
1737 1518
2868 2020
894 308
1606 2208
947 1009
1695 2922
1896 1962
2888 1828
2943 1429
2023 850
545 2526
2778 1065
1299 857
1302 2361
1613 2643
2736 872
690 375
705 381
390 2341
1865 2564
2784 1716
1277 1004
791 70
592 2032
49 275
2257 2927
2428 2306
2557 4
723 1665
1919 590
2673 1791
2786 2372
2217 255
360 2368
929 1948
2014 2760
1666 2060
1001 155
468 950
53 1323
1877 1394
1342 2337
1222 1172
2754 2185
2763 2653
1810 656
635 1364
2659 1147
2380 2424
487 2569
420 1815
433 493
1546 2794
1880 2461
481 327
2283 308
1764 217
2824 1803
2003 2288
522 1471
2505 358
1287 2080
1412 1402
600 1308
1544 972
2075 1510
793 2941
2738 185
2142 503
1149 1336
361 1988
283 2632
634 187
1819 1863
430 1655
2243 120
1505 2757
944 2007
1451 923
1238 2156
380 376
2353 382
2743 1211
160 2611
44 2797
1513 2130
2537 2001
193 34
766 2335
724 1047
1574 2044
186 925
117 397
2546 1237
2267 2695
1355 2172
1513 1776
224 693
1229 2624
1406 71
2184 1384
956 661
1591 604
1015 1308
2472 2619
1711 2424
1934 1315
1805 714
284 2180
1536 152
1883 2796
1313 1980
2339 343
1272 2659
447 1448
1009 438
2788 2224
2266 2257
1832 1899
1177 895
413 2496
725 1185
776 2610
2439 2620
405 1852
1551 1278
822 1220
185 2290
1754 1489
431 233
2526 993
2616 2758
2303 631
1186 1848
2731 1938
583 1384
333 1439
1012 1383
1527 277
888 824
1722 2351
411 2982
1545 231
2127 2219
1979 685
2361 2487
537 1271
2671 2056
1717 95
194 264
2234 189
2094 532
281 2321
1416 1329
1450 1303
692 2113
1486 1515
1049 808
2821 2388
307 1767
2270 1809
1581 2707
1217 64
951 2667
2645 2288
1471 2021
1675 732
2508 1576
1154 2315
828 470
429 1187
440 399
2213 807
927 176
2399 706
772 1308
2206 1120
2798 497
2047 2405
71 88
1638 63
1826 725
2288 945
1767 246
938 2702
775 958
1372 2190
814 1270
2652 834
805 421
1757 1727
138 1987
2245 378
1351 1832
160 1525
1494 1850
2347 1651
1680 887
56 1429
1518 2803
1769 449
1024 2293
2636 444
2515 311
320 2048
2536 2044
940 912
1819 408
2437 2940
789 229
2030 1627
644 2271
2897 1312
2120 264
1854 752
590 853
57 2912
2375 2156
2655 2822
2486 255
2967 686
2691 2321
1528 1075
2348 2741
2314 1438
62 1211
760 2188
89 2320
2551 892
2893 60
2283 700
604 1174
1519 1312
1050 61
2240 1596
2422 2210
764 2743
609 1687
333 2309
1055 230
539 2315
1896 2720
1165 2925
2000 428
149 1390
2926 1214
2500 228
1154 1740
1990 1546
2329 1639
893 919
102 2895
867 251
827 594
17 1419
390 467
1236 1721
2858 883
2335 2767
308 1235
241 905
637 2399
609 2177
267 2353
848 1020
1541 447
1183 1138
2248 1623
2378 1704
2945 2973
1211 440
2694 2019
731 718
2125 1367
655 39
430 176
1771 1262
1556 2801
767 1718
1739 632
2455 2967
933 359
1753 217
632 769
132 2064
860 2328
2667 9
2441 513
204 406
287 1542
2050 2356
2253 602
1313 647
834 1806
2794 1241
967 436
724 2829
298 2629
2937 2976
2746 1873
1490 1755
1842 1358
58 1637
1403 1022
284 772
2756 1484
144 2537
441 1745
2081 1863
502 1741
759 2708
162 495
2929 37
2688 1727
335 811
556 2826
2923 2786
2475 777
1204 2683
2088 1172
2143 1930
263 2229
1728 132
1004 2261
2544 2889
7 2803
1195 1687
1589 877
843 281
236 2211
288 1873
1000
150 444
726 1932
1439 2361
2548 1110
1271 304
2497 2440
2013 1327
1392 1008
2459 594
323 1884
2912 1539
122 1702
1519 2858
1772 2984
939 1145
481 2389
1613 1108
613 1991
2384 1582
2817 1805
2977 211
2505 1278
1232 115
2686 2557
1762 704
2423 409
1529 1540
1030 2104
277 1197
317 1171
182 2011
1931 2738
2986 2803
1205 1709
1827 1254
709 1944
738 1489
707 1342
311 1746
2366 966
2053 2664
66 239
653 2949
1642 2786
354 2627
595 2656
985 2912
417 2814
551 2751
465 1215
2808 1400
796 1738
78 2857
2827 1433
922 2099
2132 878
2589 2489
1831 2627
35 922
47 2569
1250 1098
1107 793
499 2232
1568 1260
1182 1478
303 1172
2280 2555
1065 1596
1707 461
2474 1382
1501 2906
222 181
2488 2425
2900 1923
2906 529
340 731
2101 252
2419 843
558 2070
2727 248
1017 1838
1569 1570
729 1845
2749 2032
689 2452
1311 185
148 789
2873 1481
2952 2306
1130 2304
1312 2343
1274 461
64 1587
2547 1006
1286 875
1300 1981
1589 2083
2554 2022
2516 2805
2970 1555
124 1527
2487 1496
2096 2708
2890 1625
1035 2547
1706 217
1735 1282
1039 2764
2650 1132
62 1267
2725 1232
1617 1995
2419 1554
312 1980
2457 385
1091 217
1317 137
790 2
717 1484
1333 2502
2277 2076
1815 242
1624 2670
1373 1526
1430 1171
1599 23
1954 2706
1296 93
978 1123
7 779
867 297
2207 2321
2889 248
1164 1490
2257 10
1210 2981
285 2362
1795 1036
892 753
223 1569
1721 1581
616 875
1244 854
1805 2704
26 679
1705 542
2797 138
2046 2243
2073 2383
2260 2533
521 1647
1620 710
2686 2266
2579 160
2649 288
467 27
2488 2911
917 1104
1596 108
2750 665
104 2208
1042 2620
527 2934
2267 2451
865 482
616 1097
786 636
2424 2791
1401 373
132 1715
908 1076
139 396
1444 254
596 628
2162 153
700 2403
2358 117
1193 310
431 41
408 1963
845 678
1093 2050
2206 2266
1213 77
2201 1802
2741 1181
1733 2391
1002 1472
1256 679
2100 1710
2174 530
758 1627
2306 833
2269 1699
1277 2930
2084 350
1406 2823
2381 105
1522 1365
1260 2172
2112 94
1949 2087
1037 1844
1890 395
1307 2618
2486 1019
115 1678
611 2784
2747 1481
705 1777
1902 404
2761 1564
1216 1261
2428 1232
2667 703
2373 668
2148 2613
1800 1535
2957 1567
1679 1876
2313 1347
630 1993
2818 1968
2361 938
1071 1139
806 1423
1355 1090
8 1918
305 1854
2355 2611
1037 2882
2944 1975
1667 2228
2015 685
490 1364
1376 2961
2755 52
545 85
960 965
1544 2928
1696 1773
1948 2877
2081 1917
1322 233
2753 1969
510 2502
2468 1194
988 180
2108 2807
2183 374
1256 2136
217 1732
1753 2642
1045 2153
1011 603
1808 1144
1912 539
1807 2339
823 2438
929 2753
2900 308
1679 2976
232 2600
1553 581
608 1965
1847 401
2759 1391
814 2823
2568 367
1965 354
2432 1682
103 1816
905 536
902 1073
2947 2997
1932 838
1068 1629
2066 1190
1245 735
2744 1755
2741 949
1507 2127
1373 1517
165 1599
1695 1363
630 728
277 621
2152 2333
1675 2569
875 1290
145 2826
2038 416
2483 477
2954 255
1054 2065
2553 974
2933 222
1062 1553
2743 2901
1326 2577
2539 1083
336 2462
1124 1100
971 1305
2665 344
54 1087
2648 493
1275 519
2968 1388
1632 2349
2442 2545
1530 1056
1545 195
1152 2319
2964 868
1247 1240
1041 2138
334 1770
988 1834
2071 1273
1850 846
392 1052
2667 2129
1483 1775
759 824
935 705
995 459
769 1824
1838 1218
1255 2647
1333 2027
1238 982
94 2318
2719 2325
1318 2006
526 2108
2053 1518
24 1165
1657 1017
241 600
2137 1467
1537 2671
2112 706
1852 1825
1232 2286
246 2784
1433 9
1361 1653
2974 2089
297 2192
1140 2435
1617 386
1733 648
1862 1122
157 644
131 2491
798 1236
2215 283
453 1538
1606 832
2980 2635
580 1319
2678 1459
1664 2052
1246 393
339 328
2743 539
2471 1893
1919 2140
2055 886
1066 1397
2478 1424
2824 332
2055 1440
1109 1481
2441 2585
1151 1982
709 40
1254 378
2423 2155
2035 1525
1906 630
1713 807
711 1610
1630 400
967 2016
38 2973
657 328
1755 461
2975 980
2717 184
1686 2945
469 1371
825 2140
647 1036
1206 1127
1527 2779
1960 2434
776 2471
862 360
1584 760
746 2842
2910 1433
1827 2159
1480 2715
1416 440
745 642
2704 1611
2275 2282
833 249
2788 938
2305 2515
2096 779
2091 2662
1604 2552
723 323
1997 1530
2441 748
944 565
1945 1427
1317 1073
103 1536
2787 1028
737 2740
863 2487
2328 546
1807 2333
1562 1443
17 1631
41 2132
1191 2356
943 602
396 2277
359 1836
2589 1033
1738 2868
14 1260
2697 1576
2640 881
505 1305
2362 2711
1313 249
2569 2669
428 660
810 118
1846 823
1872 1352
2808 1209
2874 2342
781 1407
61 276
2499 1735
921 545
1717 1943
1301 2666
996 1198
178 2000
1871 3
1672 1577
189 2737
1449 2124
1519 48
2469 710
472 2049
1717 2117
260 1636
1587 2907
2412 941
175 1411
2851 1657
2513 724
888 1298
1054 100
1867 2821
2432 1841
2602 2232
495 48
344 349
962 1921
1049 2923
430 779
1675 885
996 606
1132 1267
790 272
188 1725
568 1968
349 704
441 49
681 2529
1291 315
2533 941
2375 2419
2733 12
2925 2185
766 889
2189 2976
2011 534
187 2830
2615 2168
2182 377
2088 2852
2400 365
24 381
614 2894
907 2039
1270 1148
566 1182
1556 1408
1957 137
2479 309
2650 2058
2702 91
1853 2233
1762 162
643 1204
91 1886
1606 2343
2202 812
932 1594
953 2834
512 122
834 2598
137 2191
2639 2693
222 1645
1884 2344
827 973
848 1914
1123 1943
768 2020
536 2414
1989 105
2169 1527
1780 1518
1558 2046
1869 757
2959 1803
1563 494
213 1056
503 2050
760 470
194 1838
1796 1348
2200 2061
630 2831
2474 654
2184 593
844 2407
2504 1003
1001 1460
1169 890
1329 1459
1570 2105
798 2155
2859 296
139 1628
824 367
2822 2466
2627 584
802 2714
185 1811
2344 1305
847 194
2990 1381
1482 1635
703 2012
930 2853
588 2043
1617 2120
2738 121
1057 2911
2174 125
2399 1069
211 2328
2296 1984
1461 1898
2212 138
1838 220
2985 1555
2444 2818
2223 1021
1368 1247
415 1191
2447 2091
459 2004
700 153
1154 2561
505 701
1320 2542
514 386
2200 1041
2067 1850
2085 2056
104 1830
2602 2895
1106 554
1148 389
1738 2468
2857 1175
2809 256
184 817
1600 201
1717 1421
2604 2357
2890 1531
2152 229
1032 7
1290 2347
1417 2735
2938 2134
2057 505
92 2083
518 1477
708 2212
1860 1777
1799 738
1246 2697
526 1136
1369 1415
1298 894
507 2311
986 1723
158 2404
2570 1179
2162 2308
1456 2336
1292 1023
2339 1403
28 2163
579 2186
1008 2496
2418 1193
1163 1403
767 2390
2567 1419
512 491
2180 1908
1989 1460
663 2413
1252 2860
2059 1750
729 105
1619 2039
1240 1657
2373 1297
743 2300
1483 152
1683 2341
2534 114
1780 662
586 842
2014 2562
1289 526
2389 919
1339 2821
405 1556
905 1132
853 1877
1565 1315
1685 2644
2374 2606
395 2676
1421 562
2717 2048
63 1614
1945 2658
1900 814
991 1913
1842 1664
474 2553
981 1072
943 2216
54 1194
2106 1497
1943 911
1743 837
2658 1931
34 2115
386 24
240 1382
1079 1357
86 130
2750 2662
857 2724
2592 1696
738 122
2905 751
524 1255
204 1536
1157 961
1618 2309
2551 776
333 2531
227 1082
1159 528
2914 2694
1047 2735
2059 230
366 2300
1670 2591
1697 628
2860 1829
1006 863
156 2264
1341 2059
35 2890
698 1779
263 1141
105 2350
773 838
1491 1778
1854 610
2087 1613
677 608
2787 1601
1626 2777
1912 2600
2907 2836
1265 904
868 1756
2114 393
1457 355
874 2988
146 1424
440 2003
2732 1306
1802 2834
688 2112
201 989
1662 1327
1383 1400
1684 540
834 498
1123 1202
1304 2512
200 1841
62 2062
1146 1262
2999 2020
2650 1779
2604 2219
643 1441
78 2967
1225 2631
553 2984
349 2268
2748 324
2742 1506
729 831
2256 1794
1626 2113
2639 1176
331 13
1126 412
451 1959
2453 1212
458 2412
447 2413
1393 1660
260 2647
1494 1503
848 1221
1165 1599
274 1425
950 188
2810 613
12 2273
642 1159
2566 2100
804 368
2283 641
1330 562
1523 2565
2689 2718
1170 2394
1773 2064
287 218
68 2328
37 1699
502 2259
1232 2221
192 138
2169 1882
479 1008
2215 2350
1191 1557
1188 2142
2163 415
2892 1293
1906 1544
2190 1699
1109 2214
1122 1600
564 803
2735 545
1790 2767
76 1408
2110 1918
414 35
176 1939
2731 798
2480 2641
2545 785
1692 141
1020 897
554 687
1709 1281
1535 371
1209 2961
492 1575
823 2352
1323 2121
990 2150
2971 719
886 44
2295 2566
734 1065
298 605
1480 20
2432 2340
2184 177
884 2075
228 1220
915 1930
1191 2698
772 656
839 537
1457 345
2636 1623
765 2025
1125 2894
1917 527
2647 2385
485 1602
705 2275
1126 1794
514 1678
309 1623
2694 2208
2698 899
211 399
734 394
1157 2628
2301 2395
113 1557
1963 2938
1121 1165
256 1192
2233 1036
802 1227
1026 183
2916 1949
1189 1320
1548 461
920 1445
1149 1525
507 1056
2508 1477
101 2303
112 2604
2727 14
756 293
1889 2770
2218 144
1725 2215
1192 227
1572 858
1174 2038
690 1707
376 1154
1829 2860
1601 1197
224 2774
360 685
514 363
2375 2359
1912 2657
984 406
2267 86
1155 409
2124 1402
27 43
2087 670
1810 1961
2250 2302
2050 444
2749 2052
1693 696
299 1469
835 1940
210 2646
867 1127
1369 936
2134 1742
2350 386
2204 1626
922 711
1776 1417
2617 1652
39 53
2049 1698
2496 280
1084 593
532 458
1693 51
319 1896
1414 626
779 962
1361 219
2502 1580
1037 1090
2230 792
341 2330
1717 247
2511 1680
337 1062
2770 2713
487 723
834 671
1744 1336
1952 946
1064 375
2534 1677
2897 2186
115 1609
322 1391
2807 1780
443 1656
301 91
1143 2156
580 2559
437 2044
825 1784
477 124
891 2597
1368 2191
569 1067
1905 182
79 2667
1795 2826
867 2687
1313 1919
253 1606
1948 513
794 2527
1317 1434
2372 2555
2148 2745
517 1174
1281 2578
2783 2162
482 1165
1140 1531
2036 1365
588 1193
1668 2223
254 805
2705 132
2962 1547
2159 2810
2485 1781
1543 2941
1139 1096
1050 1812
2255 2589
2607 2105
93 2972
1479 2269
1415 299
1365 1095
1008 974
167 325
1658 245
729 1434
1957 556
79 2594
130 908
2010 2825
1550 2013
848 2565
1018 1578
2513 2596
2271 667
1907 192
596 1392
2263 4
1413 1566
637 447
2005 2670
2624 2010
2321 970
2618 2839
1625 1077
1663 1222
1554 278
441 861
7 1872
1721 726
2160 1127
1000
1360 2837
1050 100
2449 254
2807 3
210 2432
1986 245
1216 1859
2853 444
2843 2565
1057 301
775 1996
2848 2618
1919 2332
1092 1114
1619 613
352 980
2857 885
1705 436
1339 2807
2804 347
1609 996
1855 1456
532 79
2882 2825
2492 2044
1864 1500
1262 543
285 203
979 2888
514 2113
73 2680
946 2330
1083 52
2751 1549
1661 2221
2048 496
947 53
219 2267
1147 2015
2661 1190
797 119
133 2958
2259 1432
1880 434
1407 711
334 1508
2283 2435
2910 1403
395 320
2904 1321
1569 2390
412 710
1168 2364
950 2573
1762 323
1996 131
1053 115
1561 947
1768 215
710 1897
1760 1590
1723 1020
2755 2604
2550 1817
1829 728
2007 953
2619 2622
59 277
1858 2153
1503 2543
92 2723
2842 2769
2125 932
1159 707
108 2798
741 1515
1984 994
133 2787
1251 2445
538 1106
338 2471
2327 857
1941 146
2341 2807
637 922
788 1990
1795 1230
488 874
1605 1705
2637 1366
1932 221
665 608
2998 809
1044 2302
234 1462
2952 1983
948 1542
776 1114
1540 1834
2752 2090
2690 2713
2310 169
1323 1667
806 1692
1319 1983
1378 747
2748 1091
152 1220
1946 572
890 412
582 246
2504 15
2426 220
2326 1944
44 2964
2192 2489
1354 774
1773 2401
1704 1874
1489 1803
418 2067
2629 627
1340 1784
2728 318
2617 954
1519 1180
2657 2923
710 2872
1734 2854
1882 1614
329 290
2917 95
1773 2556
273 327
1724 900
740 1567
2265 2882
1528 2773
908 1595
1347 989
625 533
1724 2297
537 2021
280 1657
1652 2948
2770 1100
1630 618
1457 510
2625 54
2553 1372
1974 2065
175 174
178 301
690 2804
2973 1781
932 1478
2154 1200
2154 117
160 297
2604 2130
1567 1081
1313 2677
553 2152
487 2957
1282 2667
1280 1286
2818 715
2962 671
2361 1087
1505 1325
2685 2644
105 1974
1534 2266
1625 409
1848 1200
2357 1748
2077 1112
96 2325
2060 44
374 2458
2981 859
2027 2640
1971 540
1633 656
421 1730
498 1351
2271 51
1502 1562
1646 2499
2041 915
900 550
2254 1763
1783 2140
2115 1311
1884 1948
1841 1714
1800 2701
2513 1575
2787 395
943 2791
896 711
702 590
2604 2085
2873 2848
2761 1802
238 2655
2107 714
1832 2253
78 17
1423 2618
305 2186
443 651
136 1712
767 23
2799 1218
903 451
108 2619
1252 665
2475 1631
1555 2814
511 1248
2780 2054
999 568
2028 2162
2572 2311
1748 1684
1498 459
17 1944
165 1569
338 2155
1617 2777
454 288
2699 525
1184 1903
2422 1696
908 2327
1798 128
1631 2044
1130 313
1186 266
2540 835
2369 2809
2925 314
1650 633
1914 2920
2925 1302
1552 686
2310 692
1410 704
1039 2576
259 1154
150 1180
2685 1452
2962 1110
1698 655
2550 1526
1687 2283
2564 435
2491 1858
2733 475
393 1182
301 2386
62 1214
2299 1668
1131 1926
1972 718
1435 2209
1030 2667
2614 848
100 2333
1861 1104
429 449
2254 367
432 1216
1940 220
33 2026
449 2064
1087 125
2413 2295
577 2244
870 352
531 371
2849 572
490 396
566 1576
2763 634
2667 1793
1861 1043
75 1435
94 2341
1317 95
2588 2770
494 389
1137 1597
359 1163
754 108
2035 274
1848 1158
2063 1632
1313 2756
2835 742
1253 2533
2730 283
419 2753
1425 2627
1024 543
1264 2359
2653 792
1529 2251
1648 167
2261 2881
194 1508
777 1785
2449 106
2528 215
2229 9
1863 1445
228 2653
1140 2331
2139 2402
1173 1349
1775 2813
2364 312
1626 1660
1356 158
2023 1235
2965 1539
2572 1210
508 670
1200 2588
2542 1779
1476 78
2389 1073
2277 423
1097 2888
1146 2227
410 2554
1190 2524
821 2392
1860 446
2856 581
1265 1887
76 698
1670 976
182 2947
972 2975
438 924
33 1052
1734 2119
2056 2047
1382 2768
944 935
358 1117
746 1555
2935 2174
2348 885
2395 1159
486 367
1269 2020
212 869
2631 484
1615 282
1604 2192
2744 2578
2696 2008
1667 2966
2303 2369
2006 2664
1258 1723
1007 2935
2796 1923
2047 820
1857 2813
1828 471
172 1107
1474 2239
313 379
298 255
2149 649
1750 1969
1551 914
2937 2802
1505 523
1243 2513
2304 1155
2279 1828
345 2851
1311 1808
2089 552
2309 57
277 44
2185 2115
1203 194
2538 2528
2786 941
1834 2041
2382 922
190 474
1322 1734
1177 201
739 1872
1802 273
1785 2609
219 1145
212 349
2673 108
1903 1217
2163 1594
1178 668
2010 955
1967 2130
792 1755
2548 2664
910 1333
2904 1696
1573 2911
2746 1579
123 1565
1529 2072
1380 850
2254 2151
2668 1420
1352 2111
2913 550
1909 1904
235 2816
2771 2622
1550 1278
2983 2048
2899 2616
2231 1874
1260 1355
2266 638
1795 2472
1612 467
1751 82
2759 2398
1656 2184
777 1655
1551 2338
944 2794
2134 734
1153 1936
1788 2818
2925 2643
2998 38
908 118
2193 2947
725 173
2158 1490
737 721
303 217
2128 238
850 2094
2077 891
2437 2332
937 758
488 753
875 899
2383 2593
2986 1732
2703 2650
2669 184
2747 691
2438 2921
612 2593
2903 1406
1465 2979
386 1354
1342 2888
675 568
1810 1597
1447 161
1224 1477
2737 2359
1575 700
677 2522
106 318
1045 2720
1238 2780
2393 307
2416 500
1071 2182
1588 1998
782 199
751 1
1224 2362
703 23
1507 651
1078 401
2293 1807
501 121
1863 26
2469 2763
1615 1614
165 1989
2451 35
908 216
2764 795
2373 936
2465 2376
2374 1574
1984 681
1168 2933
2331 2831
1137 2571
14 132
254 668
2731 931
720 2172
1894 1306
868 2617
2650 2988
1369 2177
2657 1633
1111 2050
2585 740
990 628
1208 297
1383 708
91 1317
1076 578
2886 1553
365 998
1896 116
1305 547
2414 2148
342 2901
63 245
899 2041
2846 1734
794 1736
603 186
370 1186
1819 1434
1675 2805
1888 1736
1506 2938
665 477
2079 936
2238 814
1689 449
2545 2503
1548 784
2474 55
2756 1310
2966 1030
2470 1059
2130 2330
2012 551
2801 1637
2858 197
2930 1506
1151 2308
2358 248
1235 1084
2499 2710
224 1037
2701 2863
1542 83
2604 2487
626 1221
1665 2269
291 2687
759 746
363 773
1459 2282
2142 2762
2495 2959
2274 2702
978 523
2297 2569
1160 966
289 174
2728 607
2747 831
1014 1574
2550 461
688 2185
1801 757
1863 1767
667 1717
205 65
1779 978
2524 2455
2366 2891
1907 478
581 1197
326 2485
74 2123
713 2098
2181 788
2117 1789
2288 993
2992 2472
461 104
16 2732
2853 718
2820 744
186 2907
1388 2645
1706 1108
1215 2536
1432 720
2555 487
99 979
929 729
2055 322
1138 260
1105 1661
2392 1665
1386 1931
1002 191
480 2443
1880 1385
565 1986
1425 138
1281 2717
1676 2024
1039 2964
1111 1952
1376 2237
1413 1245
1476 712
2518 2575
65 1106
2044 2672
1050 814
2655 87
1200 756
361 572
2001 1648
1655 816
1412 2587
2272 2779
491 2374
257 1949
430 2898
107 1412
2859 1238
1365 1601
998 1074
1743 2827
943 316
2624 550
1856 1566
2954 2052
1911 1835
663 1780
646 2963
584 1863
853 2511
464 2726
586 78
1094 594
839 2545
835 1643
935 1777
136 30
2688 538
298 654
2913 1250
2039 767
1309 1028
292 2102
255 1398
780 2206
2684 2368
721 1071
277 1677
478 2979
2077 273
2799 1547
1338 1590
2235 2111
2213 1953
1899 1659
1707 892
2869 819
584 2727
738 2775
2174 1937
83 2151
2641 892
2640 865
2600 2354
1485 1324
2671 10
33 553
2885 206
1209 2866
2928 329
1640 2950
977 729
706 735
388 986
1298 2226
1824 1960
1517 95
2419 2629
1985 1993
2949 1286
347 2720
1852 1804
2833 402
2749 2308
2558 686
363 388
902 2533
2760 2219
2907 1579
1137 9
426 262
731 594
842 1694
1107 2456
1108 1996
2174 2661
1726 2032
1400 1259
28 2503
95 2171
1813 924
2622 939
1848 510
292 2692
405 2897
1936 2519
361 985
2891 2539
1571 1067
841 1725
2121 1317
2812 646
2221 648
2044 2016
481 2230
1370 313
2823 2676
105 1140
2380 2472
1843 2204
942 917
1046 2794
1939 505
583 473
573 1730
1917 1032
1372 1103
2106 738
1835 1229
2650 1474
2883 2151
227 1357
689 2195
114 1239
229 1565
2290 2592
1630 2097
1769 2182
505 2165
2988 494
2865 1725
324 954
552 506
2374 668
682 1797
15 2240
2834 588
819 1383
1153 313
1854 1960
238 2641
1307 2527
2514 2109
1296 1311
1948 2257
145 193
466 2809
31 2383
2094 814
317 2490
2895 2086
2813 730
2731 2400
1393 483
2877 1411
636 84
2225 2252
308 162
1933 1605
2093 1636
382 654
1412 603
1382 1034
2771 2547
1188 569
536 1206
1271 124
2388 2506
2155 2649
2278 2471
1209 2425
1349 1892
238 2543
2429 2850
15 368
37 2562
1541 126
2146 2641
2532 808
2164 1732
2227 1240
1942 380
2432 2645
638 2967
2749 281
1441 1505
2366 164
2392 863
923 663
2971 2240
667 2224
1948 1652
2540 1579
1054 1337
100 1189
1589 2897
2806 931
1009 2501
509 885
2492 2029
444 2183
1146 2785
514 1673
286 1276
279 188
1408 2751
2089 420
1091 2631
2862 591
2745 2663
556 2786
2683 675
212 674
1901 235
527 1686
330 210
2477 1489
2246 2560
310 2037
2151 2468
2108 326
2024 667
2698 2491
1901 684
2467 55
624 917
302 1863
2985 2010
960 2916
602 1116
2923 1313
933 56
270 2556
1448 700
1858 1812
2143 1049
2433 1527
2955 149
621 1565
2622 2579
880 2620
1765 22
1933 34
2292 806
2662 2308
5 330
2267 2629
2085 2484
1454 1271
1828 2351
373 2787
1196 1925
605 1167
1566 2738
526 1400
1366 1451
1689 245
1722 212
1692 985
75 2288
194 2792
2451 2666
1495 882
1753 1032
456 2889
1144 106
505 2351
2463 2938
1530 111
1105 799
2795 2017
2059 593
2415 2954
2025 460
2464 224
1141 1357
2131 1400
1535 184
2031 1183
2594 144
1276 1
2740 713
477 491
1114 2915
2652 2897
962 631
2331 324
635 2575
1581 2685
2866 1556
29 522
476 139
1505 1784
2358 1862
2251 1321
1558 1214
2083 1812
1657 2966
282 1780
1098 1131
2748 2535
2712 1246
2019 2971
1962 2414
332 571
2870 1588
2682 1966
1276 811
2355 1276
1935 1345
2451 2696
1591 2534
270 1149
2686 254
1088 1020
916 2306
2942 603
1622 2599
1877 473
2961 2254
1302 356
2864 664
983 1542
2133 1127
1373 2941
2281 2567
1057 1637
778 576
816 2514
1811 1263
2306 2050
2425 1789
1135 2573
809 2999
920 691
2537 2507
1656 451
169 1575
867 1562
2921 1198
2948 2308
2045 255
2625 2186
1181 2832
2967 2399
1097 23
697 2568
1633 457
2747 195
2080 1881
2312 1183
1549 290
2024 132
2783 2975
1905 1954
2598 1398
2019 2881
239 104
1796 2920
1367 1350
307 1664
1592 1663
648 1119
1921 2976
1231 2885
2709 243
2187 1709
2506 2068
1000
1804 2156
1997 227
2128 82
1868 705
1457 195
390 862
2012 1561
2550 2283
306 2662
943 624
1527 2798
2809 280
1864 1958
1209 2426
96 2496
2053 1221
2647 353
786 1644
710 2686
1326 2688
654 1660
47 729
1583 1720
397 1070
1142 2833
2809 65
1472 1661
2246 583
2333 1852
1990 1535
1451 920
1683 1867
269 2336
1381 102
592 170
2139 2216
2484 2959
2800 710
1981 283
1642 2753
650 2614
2656 1194
1361 51
2002 1139
757 842
2437 2230
1855 2798
1921 1020
1600 2560
2896 2064
1437 242
2839 954
230 276
2948 1844
2408 2358
2501 2610
1023 975
1840 842
2442 1699
499 1155
1127 1870
2102 2129
1546 688
272 2207
2246 2999
1154 1984
1884 305
851 114
2914 758
1005 1271
2958 2301
1730 701
1138 1648
1903 86
961 220
42 410
1196 2485
1176 896
2365 2809
145 2272
682 1913
2477 423
2225 1041
483 632
2891 113
1258 2636
796 2576
2688 269
2295 2656
335 2474
1997 74
1712 484
359 1223
819 2050
2208 1784
2612 1968
2457 1048
2743 425
1295 2152
969 1824
2828 2373
1687 1437
2705 2357
2246 2496
2745 2087
1189 2822
2995 1349
1459 1327
284 1328
936 2878
1671 2727
2007 665
2556 2992
991 965
356 431
1766 1163
93 1454
2448 2334
113 2288
2200 2164
113 1021
2168 493
1097 1090
2854 1165
1126 2106
535 208
1016 489
1582 2334
2826 2909
1436 871
1090 351
684 800
1854 1942
2196 2645
2059 2958
2740 969
1342 481
2891 1834
2719 1777
1799 204
1372 2489
403 362
2872 1205
1247 1764
1666 590
661 598
837 2363
1915 2871
939 301
909 2061
901 1036
668 1545
1563 2246
314 306
1278 2435
1590 313
359 1907
824 1715
1190 2975
1725 38
2023 528
63 1919
1473 2346
950 311
2622 2282
2151 1837
1550 2656
1509 2895
2167 2360
2068 1214
1259 2700
931 127
1635 490
2179 440
2919 2469
640 2356
1113 2902
2036 355
1602 602
808 746
1169 2108
2603 266
1936 2828
2860 23
1627 2054
1970 248
1172 2243
21 2924
2041 2961
440 289
2561 697
2904 1749
71 1488
2451 1338
2183 1380
761 81
2445 1238
2392 899
1521 409
2132 2243
2654 430
634 886
949 1471
1513 216
159 1069
2591 796
1267 544
2965 2907
212 1953
144 287
2570 754
1130 1498
1928 195
1925 1204
431 246
1606 2173
760 261
2855 2761
2091 2329
2009 2430
954 1703
2941 460
1457 1376
2738 274
432 2807
1510 2344
635 938
1089 1341
722 2119
921 1498
2947 2715
2236 2428
829 2032
563 2066
1125 212
939 711
2473 2417
85 2399
278 2754
611 316
624 655
579 2057
2504 1678
435 2117
575 1791
2314 2165
2170 2388
2090 443
2478 1987
2302 2632
807 975
2154 2486
1908 712
2931 1988
1593 2056
868 2281
848 1793
1385 527
230 1894
2247 2306
571 1835
1756 669
2474 1185
1737 2999
2017 2552
583 1979
2696 1222
1041 1635
2335 2222
2443 2195
2644 1786
1473 1902
2500 984
2372 129
2179 407
1565 1876
670 1156
1031 1993
1714 2783
141 1072
1669 2398
2898 2074
1574 2974
2078 2300
298 127
241 2337
1853 1039
403 1711
1389 763
1990 2165
2901 2242
2726 1953
1475 2903
1043 962
838 1769
1727 2382
2424 1712
2280 138
2060 1622
2433 335
1818 2010
531 992
1086 1211
960 2027
1819 2673
1214 491
2499 920
2266 1069
2589 2329
51 20
2707 1323
2612 9
541 847
901 2742
2630 2767
2326 1512
876 1031
2475 876
2768 1569
1623 867
862 2205
2884 406
1628 654
398 2588
2216 2245
2580 741
1950 2531
1795 1822
163 1229
1595 409
2872 1293
2699 2156
830 2536
279 2267
177 1717
815 2264
2928 1949
1983 2440
292 2633
319 624
2145 2662
2037 6
1155 2559
670 2222
2339 39
1906 2966
2238 170
31 1748
657 1099
2906 455
1371 928
497 735
1086 1889
2781 192
611 2635
1403 2001
1078 1994
409 1771
1130 2047
2044 500
575 338
571 677
1077 2060
923 405
2251 403
1436 1777
1580 2286
756 383
102 2262
562 1769
1954 2792
1829 1802
2448 1492
740 2899
462 472
2290 687
1918 2314
624 1005
1259 507
1242 1220
2580 2178
1414 252
1601 2983
901 1016
191 1006
2841 1664
88 2342
1799 416
1982 2474
563 1174
2446 2853
600 820
1913 1802
2299 2102
1140 2445
1531 2929
1214 107
624 492
795 1288
2030 1756
578 1863
40 853
1144 1349
717 2042
694 2528
1887 2738
1435 2870
463 1140
1588 2444
341 704
1236 1004
2033 2212
592 2212
174 753
563 2191
2272 1929
1727 2247
1854 1440
1779 1475
2526 2028
1783 1063
161 1898
1113 894
2868 2514
2519 1478
2052 867
616 911
1927 1580
473 1394
445 1049
45 570
508 2857
2991 2105
787 2138
1114 339
2526 1790
797 2307
2115 542
1452 2373
2830 336
1835 2987
2703 2685
2647 1713
2309 2885
1466 2457
992 2919
2005 2765
67 1197
1735 2913
1713 440
1771 1694
1094 2378
1769 2633
2395 843
2863 1152
1540 2877
2519 143
1762 1675
2788 2083
1632 284
2879 676
1527 874
1093 1773
2343 2994
2988 2228
36 669
584 120
560 61
1927 137
2665 2855
2129 1034
1217 1664
2595 1714
2408 228
2880 1095
1066 2274
284 286
738 1146
831 290
828 2303
254 1611
2616 2643
1378 2128
797 186
1798 416
1321 1852
197 1501
1237 2555
2598 2086
2170 1267
537 779
2895 1978
2276 2553
106 1521
195 1584
2502 1421
2653 8
1377 700
326 760
1886 2084
701 2346
1908 663
1109 392
538 634
2561 2624
2555 2275
716 754
397 2758
826 2666
247 1597
296 2748
2168 2633
996 1357
1237 581
1645 2520
2984 2217
2019 2211
2602 2031
2858 265
2186 2163
1803 43
714 2602
237 14
1317 1016
2845 2217
772 871
1863 1426
381 385
2924 2720
2704 2522
1282 1131
2534 1061
1847 391
2095 1871
619 1141
229 1522
2551 2681
2405 2211
2842 551
2536 984
946 908
780 2934
1346 2321
122 1263
2948 811
316 2593
246 2067
716 319
2227 2791
1456 1453
545 1967
345 1148
2544 1469
1530 1065
692 2283
1160 1683
2663 2954
749 1432
494 264
226 517
1891 1199
1553 1318
1471 1390
718 929
1351 1073
183 2251
828 1188
945 2398
2071 598
1768 2138
2664 277
1683 443
2887 262
2720 1264
2786 2653
870 866
940 43
405 571
2474 2229
2841 755
1355 2010
1721 1622
2327 2695
1452 469
1945 1941
37 2906
76 2917
1686 47
2913 1681
2502 2819
2049 2092
1954 2712
246 2191
94 2137
1633 2850
1572 685
278 1009
457 1535
2703 1906
1748 2997
2160 804
1427 1078
1280 2207
1245 1520
2125 1294
1055 1292
1321 175
1666 2863
345 747
992 880
1547 2390
422 575
1686 674
1793 2589
1237 1487
2263 2685
1054 1679
545 2918
459 1145
2016 2960
1499 2171
107 1748
477 2244
1017 1238
15 2350
1180 1868
990 1831
2529 382
1405 652
944 2294
1451 2351
2731 2076
1167 2606
1267 600
406 430
168 2740
1027 2183
1642 1780
2948 1157
2812 1325
147 2035
2404 998
2638 2030
1965 2347
875 218
1285 1214
1957 5
2017 1714
1968 1368
2134 2024
2641 2201
1454 364
4 1597
2286 1737
1520 2409
134 2888
571 609
2891 2176
2551 1010
2244 285
1851 2424
2870 2717
1046 2037
2979 1840
1026 346
126 2031
697 2802
2696 1469
1315 369
1009 93
1007 1457
665 234
2366 182
8 2965
859 516
160 1730
2050 2778
731 704
2766 256
2804 1666
1329 1134
1991 2011
176 921
2707 1067
2926 1431
1555 92
60 2366
2869 144
1156 2219
673 2919
59 36
2633 706
1678 2575
2955 2912
1991 2435
798 973
1852 431
2948 2419
1882 1787
1592 125
1347 1838
2737 2111
2390 418
838 2153
2620 64
1874 1309
2879 673
1255 1252
638 1266
1674 977
1598 1301
2321 2650
2672 2545
1362 1685
1384 2560
1881 2165
1662 1269
1563 1530
1654 1489
1557 1268
1780 2841
389 2560
1152 2890
2662 925
1270 2638
2159 2698
941 2902
598 2632
1669 2069
1700 2593
1573 2494
476 1877
600 761
2377 1660
2877 1668
1748 1049
2637 1076
2459 1599
2315 1020
2152 1930
703 2848
616 2408
729 2275
1450 356
416 2746
1449 2312
957 2453
874 811
453 619
2629 2677
89 1245
135 2994
579 1953
509 1078
2336 2504
1422 1944
2837 2741
1304 1172
820 2604
133 3
1351 569
2153 2249
2118 1811
2947 152
224 299
2946 2899
1669 750
916 1326
2160 384
2958 365
1486 901
129 461
1517 1411
996 2823
2469 2359
1381 1130
1581 2208
292 1390
474 2319
2861 151
1262 1006
353 66
2871 1654
2659 1704
194 2289
1901 2991
1764 2590
1512 87
2719 2421
2586 2449
101 2718
791 2031
1267 2282
2849 2537
2172 1348
2972 1982
2236 896
900 698
1240 1954
2821 2143
212 1802
1806 249
1445 255
1226 2151
2003 1743
519 1405
1162 2678
2118 829
444 2650
1016 1332
829 2876
626 384
2891 1330
2492 2955
691 2201
793 1039
2225 2233
2383 1398
1282 2960
1722 140
990 794
2059 644
1345 286
979 2349
1406 79
226 989
2651 2215
1591 1027
1966 2695
30 1616
2431 2545
2252 2041
167 1284
1772 2725
473 2724
100 1131
633 1872
2652 416
1929 2025
1704 2834
864 360
1761 1180
2098 1911
1533 684
2737 417
436 2449
208 854
2848 401
1381 661
350 1302
687 892
1386 473
9 2758
2501 612
1471 2069
2550 2431
2883 1081
990 2659
2107 626
701 898
1991 1536
2840 1739
1258 2755
1340 1150
2327 518
1497 1420
2995 501
648 78
2298 2139
472 2812
677 1824
362 2711
1057 1339
699 2143
712 96
515 843
2156 375
2000 1616
659 2950
2603 968
2667 1888
640 76
1348 2278
62 1186
2366 2526
1090 533
439 2076
315 2468
834 1998
331 2392
2451 2503
307 1937
2475 2680
1152 376
2400 2071
1132 1799
780 1855
74 1827
394 1052
2543 1048
146 1563
436 1539
2830 2254
1847 2693
2221 373
2838 2850
1361 1687
2604 2413
593 2002
2497 1197
1084 64
1980 249
1145 62
1462 2493
2696 785
1592 1110
1467 1579
45 1851
973 2537
1328 414
2619 1019
1436 513
1388 567
630 1679
686 343
347 969
2404 2252
2667 2281
2467 2943
967 113
2542 1461
2227 748
67 828
259 930
749 2132
1246 2237
354 2761
2392 1718
2565 1069
168 2798
310 1287
2748 173
357 464
1238 2155
1499 1471
2109 1182
1772 1755
2342 2100
528 1174
2834 510
126 2391
562 392
263 2106
757 585
2173 2292
2786 2143
839 561
655 501
2654 2217
1027 1113
172 1889
956 2397
1708 1545
1604 110
1526 1420
1218 2216
1241 396
741 1551
2058 501
316 910
2585 603
787 1673
2586 1770
2964 1565
1409 2866
1888 1152
2221 587
2246 1437
1780 1466
1919 2186
2243 255
1951 1791
388 1390
353 1298
2329 1864
1451 1522
64 577
2304 1478
2782 1541
585 2638
110 2379
466 602
1018 1786
1550 917
1009 754
2261 1043
212 731
220 2790
1817 1577
2409 2054
1000
1541 2158
1318 523
461 2072
1246 91
2429 2742
1239 2977
1217 235
2250 94
734 941
1365 2061
2922 993
984 118
590 1908
1155 119
2530 2426
2871 204
2413 2391
840 646
2283 2264
262 1557
52 1405
469 2328
943 598
604 1075
2843 848
2653 2643
1815 1656
945 557
485 771
550 1336
2708 2654
916 1680
2377 2683
478 1421
2139 2499
2911 1164
2786 1837
865 741
637 2661
1282 2355
2447 411
2445 1398
1294 2147
2367 1972
1394 1204
2706 2542
2902 1634
2668 115
955 711
1329 230
2256 1155
501 1472
2670 2246
2126 429
167 1553
2915 2031
2921 1430
1769 158
1219 1716
1432 2264
1153 1423
2493 245
1312 321
2390 1812
1041 2060
260 1919
112 2436
2685 367
2233 1348
2689 2485
861 472
806 1934
785 1343
2297 1483
2070 1787
2197 215
622 1143
2272 1644
1343 1564
1918 941
1305 644
1009 1476
195 1460
1841 2200
786 264
66 1287
809 2420
2011 965
971 920
147 699
594 1777
659 569
1511 1474
1440 1317
1556 2998
1781 965
645 1409
965 1465
162 1706
858 2240
2557 1082
1244 2248
2335 2578
1746 2357
1453 1026
1311 1999
1115 442
1835 2226
2245 702
2517 1305
2239 106
1389 2634
2357 868
1566 2304
544 2299
564 2418
27 2910
2332 508
1315 2509
1124 2167
2572 1467
1698 1732
1177 2391
1099 2359
446 1095
927 1623
520 1174
702 2785
76 2203
655 187
2853 2339
1039 97
1583 2314
2965 2663
1526 1725
1970 2351
887 2499
1125 864
413 1860
1644 540
2377 2759
2484 398
797 2682
1045 1166
2316 1951
1367 739
1843 2260
2446 1274
2528 631
120 2750
1452 768
1010 794
1279 1397
2864 1213
159 243
2563 985
1272 2348
309 1686
1705 1934
1498 1168
2862 2276
903 2676
433 271
1012 204
2295 2234
2024 2573
1805 2223
934 1492
2506 90
342 761
1202 501
1688 1066
2349 1169
2653 1885
2713 2245
648 397
1047 1647
717 2987
1010 2399
2186 2047
1708 927
1449 2861
18 871
2502 1061
713 1765
156 466
1681 2195
1246 2577
2705 438
1938 209
2671 1373
878 625
1434 1265
2761 1571
436 1049
1995 2158
1849 14
1182 2878
2504 498
2243 1261
251 2011
470 697
2777 1837
2527 488
1484 2094
2452 1147
1140 2435
2678 2336
1008 382
1641 366
1738 497
2798 2628
1846 1460
1030 593
2005 2098
2627 1401
2403 2893
605 2554
778 2876
1598 1042
683 1987
1155 831
183 2254
2986 1941
2665 1021
1835 2050
969 1070
2219 219
2709 1994
2991 356
1633 274
336 2020
2343 1116
2426 2293
688 1697
2075 1839
1673 937
1751 929
1061 408
489 1914
2805 477
582 278
2295 1616
1040 2307
403 1627
1687 1871
1168 2658
2530 1973
1293 1174
2383 470
2346 1483
741 1275
2596 1459
1505 168
1771 2914
1153 1840
1485 2052
560 1567
1939 1734
1085 791
1204 249
2325 1970
1232 2198
451 1616
2119 1519
1681 1459
1317 390
2319 1556
1178 286
1326 934
236 2350
2693 1626
213 233
2224 2091
936 1002
316 2295
2754 555
774 897
1565 2457
436 2592
2923 272
1437 922
2283 1012
2855 1640
299 1144
2140 534
1943 1145
894 1825
2855 2161
730 1784
1577 2833
528 86
2648 2385
1422 854
2543 2062
587 597
1752 2727
2948 2941
2769 1327
1191 503
504 1399
2331 1808
2953 2624
2206 2722
2883 1867
516 2201
2213 1939
281 462
341 1787
1226 1517
806 2120
515 2853
2695 1056
1280 2770
707 696
1679 450
2080 1317
1091 2162
1520 2392
2565 1443
2761 2561
975 1092
1072 1829
2354 501
540 2164
1702 261
1154 1358
1240 1554
2540 2580
1901 2851
166 1224
2470 2212
2178 2247
1978 2691
783 1664
430 1886
896 1330
2833 2357
1622 126
118 2934
754 1350
2285 366
1509 1031
2261 2257
1416 842
1234 1331
2331 522
3 364
1664 1338
1629 476
2989 865
1558 1203
1496 819
480 1953
2273 1308
140 2305
647 1363
702 1754
1683 2715
85 312
399 329
2880 323
375 157
977 165
2739 361
2842 1069
2557 711
1559 293
2582 1022
446 580
1741 828
14 472
683 2125
2999 2741
1762 1093
392 61
2104 802
2183 501
710 172
2459 1396
2976 2383
1150 201
1066 1424
1919 2292
2977 2082
907 513
415 1018
880 2870
1801 1951
272 2243
1092 2487
51 1394
2957 1456
1345 578
39 226
1956 1230
16 2340
480 2886
2204 1112
365 639
746 756
2659 415
17 1548
1110 1114
2781 544
567 498
1744 2376
677 1865
1438 134
1389 2844
2189 1346
2939 1689
1723 1767
366 1372
2213 473
990 198
2618 2265
2231 2422
1659 1854
2122 1104
979 674
530 2709
63 1328
1380 2257
2673 2688
1039 1176
1807 937
578 192
1788 1904
2484 1125
613 998
1812 866
572 2228
2074 758
104 1959
2248 646
2467 2371
152 1206
576 138
352 2866
1916 1095
131 2821
2089 2515
1549 869
268 1729
466 2532
558 1290
2256 1739
598 2904
1847 890
99 1928
1947 2468
2417 2802
1348 2299
920 1420
401 2029
2291 1400
2876 2109
2587 2240
1171 2480
1841 2867
2479 1104
1752 1628
1167 2525
675 855
1096 710
1098 2421
543 1895
851 617
2157 869
2283 209
377 1594
1495 2109
1598 2616
356 439
123 1369
2238 716
2900 457
1206 1761
939 2368
367 857
2736 197
2749 2283
2226 1688
1925 1334
282 2534
1763 1481
2839 15
1912 1451
173 477
2826 31
1671 348
973 880
2769 2559
797 2904
394 568
2855 1451
699 30
1181 928
1309 896
1804 2217
1310 2538
829 845
1580 1837
506 1006
668 42
691 393
452 1585
1429 2160
2769 2097
1686 1620
2 261
2754 455
73 307
2451 1427
447 506
2730 547
155 1080
1792 1861
1622 25
863 2120
1191 943
2835 1180
2206 2962
840 181
2956 1694
1814 493
1340 2594
706 1247
2953 2341
1324 1181
392 1465
2843 286
2020 2873
2295 1043
475 59
433 2088
1524 511
1424 2776
2168 2800
2284 2594
1625 1829
1281 1660
814 1014
478 2416
638 1495
220 453
315 434
651 1857
547 2729
2313 1550
1353 843
1237 942
1069 1081
125 2422
2352 246
1713 1795
1081 1652
2977 2210
2589 2535
2648 332
256 1575
993 897
2924 2803
2159 439
1756 733
2534 486
736 1328
1882 1463
1762 498
2413 444
2429 2571
284 1302
23 342
1862 239
52 870
954 1053
991 171
303 701
1122 2348
2305 947
816 1838
215 9
1930 2271
605 1450
1557 2995
720 1362
2832 2131
2117 2982
1020 1455
1290 739
2392 1034
1548 1060
2119 709
740 2903
1993 567
2910 2217
1419 2811
240 1677
2028 527
2112 1783
1366 2270
1715 917
2400 1798
1415 2961
2158 2204
2894 1682
1293 1
850 1793
2495 1241
2432 2531
2084 1700
572 2955
2830 678
377 935
745 661
1618 1872
2640 2038
767 2985
589 1293
2427 993
2216 1364
1718 1549
131 1299
2820 1996
2481 554
1658 1337
2220 2156
1668 696
220 2874
88 2161
2671 2525
1776 2177
2625 1799
1833 233
2732 817
1371 434
106 1360
2893 1080
273 255
1484 2262
1335 2916
1685 975
29 373
854 320
384 1880
1282 8
900 1974
294 1950
423 381
1327 1256
1209 1200
102 724
1198 69
1802 379
447 1668
2484 585
2840 161
941 2075
2396 636
1617 1199
514 1134
697 20
1571 1899
2336 1965
484 1268
162 1191
1404 1433
1122 635
871 469
2290 2487
2560 1653
2874 2066
2648 909
2204 519
2821 1304
1615 971
2486 1667
540 291
1752 2721
1942 1618
1125 1617
1610 2701
172 2481
2726 2235
205 824
708 2247
1825 1941
1202 1168
1924 1287
2407 866
2173 2953
2049 1236
1549 1577
1609 2576
213 2878
2937 915
729 2485
359 2307
1419 299
2672 1478
2950 152
716 2937
421 2410
1166 143
780 2308
1891 1092
710 148
1735 1976
35 1733
2456 2949
980 1404
835 101
1491 33
688 1904
1350 1746
813 913
336 2537
582 2578
212 150
163 2047
2428 754
1572 508
1666 1118
89 1335
2715 1288
1427 444
1075 1966
207 1395
740 2444
555 145
1304 720
1555 829
887 1131
728 821
2351 2952
2066 1280
1557 2700
2534 1555
1485 1905
322 1428
2031 71
364 2878
1255 2292
889 1868
1222 999
1308 2024
2161 59
2633 539
711 375
2358 2130
1677 2799
2834 386
1904 2690
1381 1696
326 2089
1337 2734
182 16
2677 1920
1257 729
594 930
402 146
1104 1035
619 2303
1758 1113
1641 869
1515 2195
1285 1689
39 536
1005 766
2881 1907
1515 2079
2690 364
2842 2229
790 358
1922 741
818 1937
2650 1087
2095 716
176 1067
2833 2684
339 581
526 10
507 720
2428 2523
2372 1611
2963 1251
2921 1503
272 2293
41 419
2648 2470
1521 2557
2839 1076
1377 143
2777 1309
2149 1092
906 1158
1868 2709
1278 1394
2805 1316
2499 1773
1319 1755
2296 789
2655 2896
2313 1147
1573 2613
2215 1988
2228 2979
825 1621
739 496
623 2689
1452 727
2291 1090
1129 2361
2411 668
795 1823
2083 324
1105 13
761 2178
8 326
1444 2189
2358 657
2283 586
1841 269
2100 2813
2238 2457
1956 1786
2796 1336
2457 784
2936 2017
2268 2853
2416 1187
504 2138
1871 1194
1564 1868
1711 2415
921 1630
1919 1420
2293 2913
2075 2170
997 427
435 845
1231 1623
1010 2051
654 1013
664 1675
1449 2355
1678 2978
2870 2387
2915 2182
1367 2162
2504 1064
2311 909
2996 491
1415 1691
285 112
296 1709
2318 129
1612 2947
455 1910
1820 1404
292 245
819 1290
2432 989
735 2968
1732 1100
2862 1546
1519 1412
359 974
1145 93
1733 2087
1250 678
402 1421
292 201
2379 2335
848 933
955 1017
46 2826
345 1138
1956 1974
2872 1397
1790 1218
2342 2285
1694 2406
590 2256
330 2148
1679 2208
548 2052
2602 110
1457 1629
325 186
99 512
1881 898
2442 2964
1592 2916
14 1191
1334 1572
2516 2461
2824 1100
190 2172
1533 1902
2842 2578
631 32
876 1345
1395 818
403 1674
1127 655
861 996
1349 1584
2893 1592
1809 2987
1681 2643
1131 2803
1274 2610
278 2767
421 2642
2057 689
330 2800
2129 2195
237 2728
819 443
1796 681
2786 556
1274 2694
749 1350
84 2274
1255 1338
388 2385
1743 886
1314 746
364 273
2923 205
359 2363
2291 1436
2567 1740
2289 1217
1509 78
2842 1698
2183 38
472 929
2303 337
1544 498
926 1353
417 1801
458 1504
2164 918
937 1808
1278 530
1872 467
2959 2879
1679 1811
1093 1234
770 2547
350 2373
2515 2050
2588 2859
1904 48
731 2856
2460 1226
2189 678
1186 1904
515 2971
1781 2153
2170 779
2710 2652
1880 821
2667 2467
1189 242
952 1959
941 299
766 243
2673 2565
2369 2438
2045 2401
658 2899
1944 267
1218 80
1940 1216
2128 2097
1539 868
105 996
1946 1625
240 204
2722 178
1591 2381
512 2663
1156 175
1856 2304
790 1557
259 1816
1958 1592
2810 272
459 1344
2990 2570
893 2635
725 438
1158 225
1742 1105
2611 2155
1278 2876
1000
930 2206
2096 1274
781 196
1939 265
1264 507
2254 418
849 2258
231 493
202 1383
1890 1602
459 1429
2195 2105
2639 2180
1791 1929
1775 490
732 1812
1337 2287
2023 1145
1537 240
2759 704
1051 2008
1202 2526
1578 2187
344 1334
169 1484
2643 2073
464 1045
131 2274
1193 2659
904 441
1779 1750
2445 1062
431 1317
1951 2533
1942 1461
62 193
2586 2928
788 2374
2832 2398
2809 2222
1926 2427
2242 775
2843 797
2216 2352
424 1911
1686 1945
2478 1018
771 2352
2511 1256
2865 2380
440 1522
2213 1230
1983 2659
315 1081
2162 1456
2234 2632
2778 2268
2915 240
1760 2449
227 2197
2489 2458
541 1740
2082 403
2267 1605
839 2622
1359 2756
743 2772
334 2895
1639 2641
2891 1303
1296 1364
272 1036
2932 59
2307 448
514 2013
1789 1344
2017 2003
1155 1756
2871 1114
489 1468
2772 2919
2891 385
1449 2403
104 2182
702 2796
1940 955
2576 1528
2868 1426
2939 1975
2154 2581
1591 1975
1412 543
1406 404
2385 1414
2530 2532
927 1068
1160 2865
1902 2777
104 760
2530 2822
2626 2580
302 1729
1276 1394
1888 982
1663 1723
526 1051
98 2601
2115 2917
228 963
2459 1321
287 1972
1242 2096
1321 656
60 2859
1612 919
286 711
1715 25
1367 320
1859 916
2792 2750
1175 1913
1664 2982
1157 1756
877 313
84 2233
802 894
674 1782
2814 192
105 2360
1640 2932
2673 784
2782 2271
159 1685
1012 235
572 2583
1739 2450
1335 1861
800 2111
1341 162
58 2596
2110 1178
1351 757
540 186
2155 1914
2694 1891
837 2613
1168 2924
876 764
405 2353
1450 2282
2075 1965
1895 1806
2714 2121
1751 1472
2086 725
2402 311
2115 182
2580 1986
632 2695
1602 894
1593 121
314 2155
1162 381
2552 1805
187 595
2723 1189
2837 247
2393 1491
852 2344
1327 1922
806 1328
1361 1271
1357 1347
2001 2557
541 2163
1904 2804
2642 1131
783 2805
1995 412
2214 2483
1752 2528
2321 2547
272 158
2886 425
1095 1088
104 1150
1482 32
181 1038
2035 101
2697 798
1189 2425
105 1289
2084 1093
1183 687
2355 1796
1344 1170
1645 921
395 1446
2417 1224
1097 1590
34 1898
2297 2362
1908 2067
2002 1711
191 1
990 418
2754 388
422 2637
80 2001
1076 2260
202 1410
280 2287
958 182
813 1775
1646 472
2908 2630
1798 1672
331 1031
1844 629
996 1137
960 2855
2834 869
2360 416
2871 265
2623 918
1842 2919
390 1485
2203 941
2883 398
2371 18
2313 1766
2856 2059
2139 354
400 480
1889 2750
2773 65
2921 937
662 2153
2052 1529
1010 2752
1142 2429
2661 1800
1047 2344
70 845
778 2124
919 1653
435 231
1339 32
2683 2778
1820 2077
2176 2776
2016 1007
1633 2593
1334 1353
1314 2182
1939 1897
165 2306
1493 2467
2121 2719
2740 2560
1511 1630
2357 291
2899 2139
2955 1765
281 274
1374 2835
2061 2990
344 1808
434 1240
664 2194
2565 1085
2696 2150
1827 2297
2283 638
822 2016
1747 2199
127 41
363 1275
2940 2001
1915 742
750 215
2253 1840
2661 868
626 2780
711 1970
401 2262
498 1670
2395 530
1194 2309
57 408
2165 1898
816 862
2434 1450
2997 2482
765 1393
1371 1433
2421 2848
1979 2526
120 536
1799 377
1934 955
899 4
1294 2787
268 268
907 309
2182 1244
438 2097
554 1517
1768 1243
2331 156
1500 1338
1554 1987
2892 2200
2846 2316
1884 1510
30 196
1976 393
1785 1921
1188 2503
2553 759
2643 2602
332 1851
2437 1691
547 2765
960 1881
2629 529
1654 445
1124 2571
1617 1344
1296 1900
1566 1405
2174 1699
1418 1740
2052 441
1907 2053
1451 569
55 654
1000 1008
2470 2831
2315 57
2157 2429
34 1077
750 432
1157 1628
790 115
2046 1490
1979 2929
274 1454
1959 1609
1807 672
2874 225
1690 1256
1007 314
2745 1253
2792 2593
2260 283
2581 220
2609 531
2125 2641
725 223
1061 1280
1415 497
1925 1242
79 1061
1794 302
2112 2623
2888 2459
2555 2144
779 1495
2649 2960
2817 299
1895 421
2555 937
2671 1984
2652 2451
1927 891
2947 330
26 654
2420 1309
1501 483
728 2192
1016 2464
837 943
1693 2177
2790 2931
1016 801
1678 1782
97 2219
1634 1713
385 485
2954 1566
797 2014
271 244
2164 1311
2224 26
1435 2104
680 1000
2973 1582
2142 2322
714 2310
2768 2257
310 2549
2676 1724
1803 2677
2657 2422
2808 292
608 2233
546 1198
748 2852
817 2229
2993 826
2345 506
2133 395
2516 607
157 1251
2047 145
1005 1881
2858 1000
1233 1977
252 2196
2026 1647
1254 2976
779 997
354 1536
1754 56
2010 2161
339 2539
546 2475
2371 1616
1964 1366
2278 1623
670 2473
270 2840
350 2086
541 1493
1821 2615
2789 1006
1201 2914
1042 1682
2629 2008
869 793
430 385
164 987
1344 640
1000 2178
2421 485
1456 2707
1622 2803
2962 2713
1493 948
1157 569
1046 343
2407 1859
748 2246
1168 2402
365 1930
2631 414
2549 1973
2376 100
1767 2965
1985 533
2425 1508
2567 1648
1985 2932
586 912
1240 2769
2586 2176
109 2985
2584 1928
2993 1423
2713 2951
1076 911
641 2552
1111 1309
1088 435
2514 1366
2796 1206
2718 894
2329 289
1023 1114
1931 126
1241 1497
1520 2592
597 2532
389 1372
1725 469
712 2134
801 1161
2302 250
2988 728
628 2082
165 341
1245 1574
277 171
1498 2261
2825 1421
1558 615
2697 1625
2419 1199
2513 1303
1640 1906
1968 324
1911 2072
408 448
1690 2115
1855 844
2502 2239
1757 1941
2165 822
2272 28
2734 1744
2497 890
1495 2782
2238 1585
1819 857
2618 1881
2163 2635
2913 639
412 760
2726 2195
2784 565
2273 1828
691 357
2968 2122
2783 1765
421 1725
502 717
649 1429
1904 2585
2933 1704
2111 2811
1491 245
2477 302
1302 2435
899 2778
2478 1542
413 1950
1415 1329
2340 1522
2003 157
1826 804
2373 2001
1421 1196
2804 1114
2297 1596
2597 535
1192 579
2805 346
10 2961
2871 1800
1125 2346
2467 2160
1553 2580
2535 2810
2288 2034
2573 2586
954 762
40 957
1067 894
2125 1087
2448 2559
818 2557
323 419
2366 2575
2241 1698
519 1916
605 1297
1567 2158
559 530
2356 1245
2997 958
2090 2214
1588 1246
2143 2909
2547 847
2342 1026
1420 1224
1235 1195
2820 63
1589 601
736 2359
642 2337
2992 1737
1450 1369
116 637
2647 2014
2287 358
2861 1675
2766 805
1872 2672
863 585
1988 2858
1277 1551
1500 895
411 1010
2392 1523
2539 1360
978 1906
810 96
2794 2659
1730 105
2382 2800
2811 518
2877 1003
2444 457
1182 228
750 2633
1714 295
275 579
2430 1380
12 2798
443 2867
1773 1363
2127 1370
1808 621
709 2168
2837 2035
1170 2562
2260 1559
2657 1908
935 1336
819 2144
1804 971
1101 1462
2927 2718
964 347
593 172
744 342
49 1074
493 2587
1429 327
2908 2299
1924 811
1727 1704
1909 2377
2626 2440
2823 2687
911 539
2992 1395
884 580
1477 1931
2186 906
2945 1603
111 522
2409 2128
2782 1280
2634 2329
263 840
2723 699
169 198
315 2923
689 2407
571 209
2974 954
1149 1382
1515 1427
2492 2844
2635 712
484 1344
633 1243
2918 1681
2120 2695
2081 674
2839 1953
2434 1472
173 1282
549 1261
961 1534
2529 2276
389 2846
1042 815
1061 1777
1244 225
1790 12
2664 47
2802 708
1101 2015
2219 837
1702 481
2557 185
981 648
423 215
515 1167
1511 502
1414 1459
773 624
1461 1367
668 2370
2791 801
2718 2724
720 1043
802 845
2345 1648
566 144
2077 1536
1942 692
2551 521
1011 2284
1418 1804
2721 620
2477 285
2371 965
2838 1003
124 1392
1337 209
2467 2622
2641 459
917 2263
1811 1268
1523 2512
14 1836
1075 43
2614 382
2694 698
858 2409
135 538
2858 1601
64 1082
469 1429
2377 439
90 2274
1731 1262
719 2917
557 1437
438 2749
1878 138
2905 1916
1182 1002
969 1918
820 2121
1350 2493
945 57
2103 198
2483 2909
639 1610
2867 2814
1631 1503
1286 2921
1105 848
574 447
939 1218
225 2909
1880 2860
1726 1863
2719 416
586 2288
579 2943
897 2750
2885 1003
1892 2649
719 1343
399 1718
2756 2210
1370 1682
2746 1790
480 93
2837 2349
2546 2016
344 1674
1423 1255
2865 759
2391 1549
793 2403
2692 650
598 2702
2814 2316
560 389
1975 232
2799 2576
930 2459
1045 1211
699 2914
1035 2597
668 2094
529 916
1528 420
562 2003
2893 1699
1589 2476
1455 164
1098 833
1795 2469
1160 1830
89 752
2682 924
1389 2347
399 2141
960 2646
2159 1344
667 552
339 150
2957 728
159 1070
1531 494
163 2808
941 2099
72 1449
65 1727
1172 2882
818 1599
115 2419
1129 2940
167 874
2674 2362
932 2393
2296 608
86 43
1797 133
2059 49
1107 583
788 2100
2963 2333
2540 2802
1925 17
1533 997
1780 368
1920 1329
727 1531
1760 1343
647 2819
481 360
569 46
139 110
1495 242
2795 1204
322 2936
2821 756
34 2461
587 1009
326 2053
2828 1114
2523 2944
2083 1359
1975 2549
711 710
2103 2530
299 1158
1948 625
2295 2862
1308 758
706 1325
1170 2991
2328 1827
56 2184
2050 1718
1729 1795
2406 2922
1794 820
2713 2079
2629 268
2073 91
2346 766
793 1362
1104 1631
2070 2184
1158 865
2684 124
677 675
2762 486
2077 205
1699 63
1723 2375
84 837
505 618
582 1224
1005 2812
2718 149
395 2901
1249 19
2389 1484
1874 1229
2181 2283
658 1914
838 2493
1199 1050
176 2282
2650 2107
2917 70
1081 1683
1457 421
1578 1449
2053 2786
1779 308
136 1125
1878 2642
1812 2523
2172 806
2449 1287
155 2098
107 297
1543 121
1499 982
1469 857
949 2829
548 1129
417 2520
1957 273
775 313
2358 1401
1004 1060
1314 2708
2435 1027
2819 1535
1087 2855
832 1017
1185 1707
270 590
2381 2168
2173 457
2890 2350
2312 907
2388 2322
1190 1670
2628 823
1286 1829
2600 2179
1667 1749
1872 98
2563 2569
1439 2645
2171 1820
1951 52
1518 1340
2826 2831
1008 2293
463 1146
2355 533
413 1526
119 40
1019 1949
1841 473
320 1641
485 1673
2564 2666
597 1963
2724 2600
2158 2194
2967 1192
2616 271
163 2869
1154 224
326 1038
2975 2480
2043 2968
2600 2859
2446 2119
2242 78
1659 1764
645 1198
958 1332
38 2545
1386 2825
875 2707
134 2870
1282 871
908 1487
692 1637
482 2510
2792 1139
1953 1935
2381 559
1860 659
2728 1329
1463 599
680 1726
869 2581
2550 1074
503 468
2756 2418
2185 867
140 2585
2599 533
2051 1204
488 258
1913 1649
1179 251
2445 2260
2545 994
2292 2166
1114 97
1200 1478
4 2284
1977 2518
2575 121
1015 158
709 536
731 196
1369 2654
1305 2854
356 2534
1884 2257
493 1011
479 2761
130 1491
682 558
2025 952
214 2960
2384 917
1762 403
573 145
1000
1752 49
1641 2687
1305 383
613 290
2370 1229
2249 49
2711 1941
2653 2813
1339 2987
2147 102
78 2668
690 586
1573 774
2766 1228
1759 1225
1607 2532
2411 2630
2797 9
2956 347
422 2320
1058 1817
2963 942
602 1899
707 95
2759 2946
703 2798
1376 38
99 161
2348 454
2966 925
264 144
2982 1377
2884 1808
469 1725
2021 2008
186 455
725 2623
2167 244
2546 2437
1636 354
1932 1352
999 831
2476 414
547 324
1041 2572
336 987
2641 1845
1686 1183
2582 542
1372 2614
2225 2842
203 1301
2319 2651
2051 1793
1082 376
711 2916
479 2260
395 1090
1438 2542
989 2485
2719 2099
1374 696
219 1468
816 1586
868 881
1577 1612
1113 514
2632 2008
2241 415
1606 743
1907 425
2974 905
2918 1880
219 544
1246 418
1090 289
961 2016
198 1401
1853 969
1429 972
2573 1271
895 1418
706 1403
2986 2200
312 589
1387 2338
781 2441
1565 2640
2205 1066
593 2013
2936 1790
1786 2128
2015 2603
1357 2561
1643 2744
2332 2083
1877 2923
1221 1634
813 508
802 1852
1098 303
2521 1707
2693 1269
559 2686
1148 1645
620 1704
1367 1710
577 1450
2054 2882
1715 1227
1603 1456
2383 2522
1323 1319
2564 384
21 770
203 2041
1650 1522
1653 1798
1302 1986
957 2359
2676 1023
228 1704
2993 2021
2153 1951
942 2054
1270 721
39 400
1953 304
1815 997
313 284
2308 1456
568 909
1561 1367
469 1566
848 2670
1548 1393
1325 2178
2060 2813
154 2831
297 385
696 2221
72 2723
194 999
2918 2558
1042 2177
445 908
1042 1508
337 1769
1291 1346
1234 2386
1291 996
161 1866
1165 859
2187 118
2795 768
582 95
440 2295
1013 297
2604 1125
2106 1956
1122 1247
2833 1602
2979 654
2388 1305
1557 1688
1581 2982
2102 2167
2209 2312
2528 1769
437 2816
1797 1860
2908 1547
2882 1056
29 2414
626 72
2045 2773
1831 2928
491 492
214 2367
737 1955
153 1405
61 2217
857 1029
941 1124
966 42
2100 1993
1334 1038
2943 669
591 2411
382 1225
2982 111
1160 615
475 485
1414 265
1712 2098
311 331
601 285
1481 1889
2279 1739
2382 933
2567 2116
1463 2351
2719 2025
2369 1519
602 387
2086 1970
403 935
127 2843
2420 2481
596 1560
622 1534
2980 1225
334 1435
1701 942
494 1218
2043 597
129 740
2044 300
2893 1062
378 190
1018 1114
1485 1471
2539 1219
2941 1628
250 112
2613 1173
314 581
775 2621
2492 2114
1525 1501
2500 490
1840 2864
367 1161
1139 285
1349 2992
1493 1245
1055 2710
146 849
2512 2373
2380 320
286 1103
395 2083
992 1984
1164 521
2690 958
745 2357
2068 834
152 1453
2206 888
1649 1706
762 618
1596 706
2138 1460
510 1201
1831 754
560 2882
1641 1381
1329 1314
853 2203
1584 192
2735 85
655 1369
527 935
956 282
564 1836
1913 1709
2802 491
1238 908
886 2699
1792 2414
1710 2679
2198 1272
1385 1899
615 2698
906 1611
1936 1314
2295 1925
2887 296
1413 876
579 296
81 30
1384 2431
1570 2000
2416 2134
2702 2010
1186 77
2433 1606
1158 65
1949 286
754 1438
2810 1394
1113 766
2853 2350
1793 2577
1022 2086
2166 2290
167 2310
1619 810
57 513
1660 1655
1744 1252
296 2174
2355 16
2498 1279
2126 185
247 2529
2488 247
1078 211
659 1666
2481 1321
1701 399
2092 195
877 2475
563 1783
151 760
1122 2189
890 909
1890 2067
736 2371
1056 895
2423 570
2993 2386
2053 433
395 1906
1224 395
2820 451
1947 2517
2619 1835
2666 192
1689 2125
633 188
2760 1785
721 195
1530 137
865 2521
2167 665
2064 2384
430 1628
2232 1717
132 2319
922 2489
960 268
1336 161
1929 173
120 985
2851 1353
2505 44
612 2282
2975 389
1377 2933
2710 1423
376 640
2163 1073
2868 2689
1185 2772
1816 1508
1262 2240
1215 1598
1157 246
124 2666
674 2648
557 2166
2568 1262
2350 1679
2075 1224
1276 1839
2627 1742
620 2349
2483 1152
1835 1656
1288 1527
683 1825
2469 1243
116 2227
1378 650
1819 2045
1933 2771
2314 640
125 996
2188 1071
2483 1985
2480 1547
1425 1371
1228 2022
1640 950
2496 681
908 164
2005 1610
1071 2128
2811 491
1370 856
142 1561
1831 1298
535 1246
2394 1571
22 1232
2771 1792
1098 959
799 1668
781 2552
639 2831
1585 1016
118 1884
2432 2164
2368 1210
1253 2388
2779 893
1757 2093
2033 1370
744 324
629 1795
2546 1704
1773 748
2725 833
1652 396
1443 2309
2877 2949
353 2776
2813 1811
476 153
2806 2649
2587 1100
2505 1001
2688 1038
759 166
612 1379
1820 2935
970 404
413 523
1378 2154
901 2372
1064 823
2118 829
1776 2078
2508 2632
770 2952
2883 59
1999 1326
279 2588
2373 2112
2600 924
2884 89
1522 1805
2907 1529
2653 2809
2440 2714
1530 1518
1314 2591
237 2029
186 2579
1642 1864
2486 732
2911 2388
2843 2541
372 720
134 1732
2645 2742
516 432
202 1754
2832 2486
1818 1049
1550 2921
1524 2439
2241 1178
1215 2320
2732 2944
1571 1666
1916 2750
655 416
240 938
1778 1824
2776 2272
615 114
2014 1110
2789 2547
356 2960
2875 2201
1588 1048
1910 1443
1558 1869
2225 1692
2673 1013
166 1272
1646 98
1687 374
2291 2331
1990 2567
12 47
99 604
2565 307
2558 2454
97 2265
1151 2023
809 1205
1818 2549
853 2992
2335 1060
2748 1245
2360 2563
1191 1318
1687 421
506 1561
1685 2727
1377 2364
1365 112
2013 2955
2828 1307
1643 204
1062 945
230 2459
1623 2417
407 2377
236 810
2725 131
1104 2948
1123 108
1369 288
68 1450
2806 2291
2515 673
1166 1292
1163 146
1651 1839
2905 2536
872 2719
1468 374
1063 1107
1266 422
1265 1826
2626 223
2095 1101
91 248
684 1411
2250 619
1527 1164
1787 1244
2037 161
356 232
779 607
1503 2432
2904 1091
442 935
1268 496
1187 2623
1366 1354
1618 2707
2754 1381
2674 1872
1315 549
2677 1191
1049 141
1649 562
2719 1900
2731 2492
2938 1865
960 2340
849 1678
1789 813
2379 330
475 2924
362 973
853 912
599 2346
1399 352
1494 2438
1692 2644
1543 660
2358 1694
16 1559
577 2529
1234 2205
902 2891
658 541
1951 956
1551 2805
2189 2739
610 1223
857 1377
987 895
275 2285
1030 2501
1232 1092
2931 1454
1293 1715
596 1376
1932 766
45 2401
1260 2079
75 438
1406 229
2855 681
512 1630
478 353
1025 2926
761 2
137 2469
1521 1208
2221 686
1587 1316
1061 2200
915 1256
2351 1365
860 1734
249 679
2469 2509
664 1265
2632 1237
2262 2663
1347 1251
1327 69
2298 1005
1080 1647
433 1583
684 1775
2908 167
80 1095
1663 2400
316 654
545 2191
2584 1763
1226 842
2269 1183
1461 2151
2785 390
596 653
2717 1841
549 1472
1233 2081
1331 440
124 1848
764 830
514 1784
2271 2602
2186 2422
697 639
1715 2297
421 2617
2471 382
1057 865
1865 609
165 102
1292 67
916 1059
2853 2937
2319 1219
1758 1766
1745 2869
229 1082
659 1740
1038 1044
1754 2912
1060 948
2496 1169
2483 446
1760 421
844 340
2074 361
2014 345
2382 1347
1179 2321
646 1397
1697 84
2810 834
1976 1515
1866 2916
1542 61
2475 1829
1048 1367
2016 2244
2440 2934
2743 2135
227 127
880 793
1640 2091
977 807
1756 1137
1782 2937
2607 1819
860 294
1495 2664
1980 1245
1079 1106
416 1016
239 1507
566 2187
1600 1146
1814 306
1432 2250
1555 77
1357 1271
227 2513
1264 1667
1305 1867
2597 2069
1009 2242
1019 16
2629 325
101 2920
2604 1332
2334 120
1213 977
9 895
1156 1189
2923 495
2726 2469
1033 2438
1606 913
412 2661
1418 2910
1165 548
612 1985
1964 2805
543 543
1273 1630
1267 1857
173 2582
2953 514
2017 2920
1571 1394
2426 1772
1530 1405
1193 775
1739 2336
1498 2772
2910 608
825 2474
489 2133
2609 2651
2667 1694
2062 362
2999 891
1215 388
590 2774
1180 188
1650 1860
2171 213
1290 2945
2212 2590
114 1585
2384 2430
263 1116
1331 697
545 1506
1900 508
244 1984
2616 1814
2342 2429
845 2851
1445 1572
354 993
1777 324
2212 2161
1172 2418
1630 1310
2405 853
1600 2128
2595 1146
2134 52
1969 322
2547 1467
2916 1012
2025 2632
520 1715
2353 2190
2969 382
441 1363
19 1265
2321 854
2202 820
1819 2363
2832 2681
669 2336
2601 1536
1444 296
1051 2168
648 2416
540 610
2924 2918
2999 542
1675 502
2612 1451
2548 1129
2912 2267
1243 2059
2657 1882
1800 531
416 1870
904 2372
2587 1815
1822 1073
2268 12
1329 582
1505 1871
2368 2322
1541 1186
422 2449
1169 1586
1224 1575
1968 29
225 873
2435 2841
1422 1300
2924 2996
61 2446
356 1342
1359 2803
176 254
2121 319
721 838
2630 593
522 291
1520 2200
326 354
1221 1736
1513 1719
1954 163
1110 1349
2785 1121
2594 2378
1229 1962
1369 926
2059 852
199 1707
544 1585
548 2081
749 716
2420 1239
173 1623
2695 546
2401 2878
707 2345
1462 2715
1014 2252
865 1797
2227 722
362 775
1635 255
1678 1802
2833 186
2071 1119
2896 1149
631 1286
2588 580
2602 2206
574 1187
1537 793
2663 507
276 1958
346 1465
2326 2433
1326 2571
2833 1945
825 88
2020 2594
567 135
1084 2220
956 1709
1541 1321
822 342
407 2668
185 1874
802 1775
2188 2023
2359 1690
587 1656
740 2041
2942 2718
1100 1184
2375 2835
1783 1050
1455 407
2821 2670
349 1999
4 2130
2843 2093
2893 2818
242 865
2951 344
2595 2063
1005 2338
2100 2400
1938 63
1648 1408
1914 185
359 1866
1199 1422
1519 1264
2460 1626
2486 1652
1694 2947
889 1690
2166 2334
572 2446
2685 25
2460 784
2396 2482
2824 1774
1790 690
409 1716
872 350
781 1909
1297 2696
2732 2976
1578 2075
1999 2432
959 2469
2957 45
2555 951
806 68
870 1424
1699 1095
2904 1617
958 2313
2737 2196
1157 980
928 2866
470 2533
1928 216
1686 114
2891 1450
919 562
641 2373
2699 2953
1015 1392
160 1723
1557 937
360 49
2510 499
2985 1115
1180 765
877 2164
1873 2893
2169 254
1282 1546
447 2287
2618 2215
18 1077
2097 62
2009 1702
2731 1535
2135 2163
2267 2292
2688 1965
1976 214
292 1764
2896 596
2861 2091
1171 305
818 1140
2753 2359
2281 1983
1815 2115
314 2521
1653 302
534 322
1731 1298
2188 2985
1914 1122
2541 2935
764 1484
2594 2304
1494 1980
89 118
447 778
2213 1069
624 670
1812 716
595 1607
32 762
617 1022
631 2745
1952 491
2607 1070
1521 1647
2632 1856
353 16
2904 316
455 1879
1274 915
867 2899
915 265
2999 2119
711 16
1889 2310
114 2077
314 1609
2713 2498
1656 443
1459 377
2571 869
1970 1932
946 2698
712 326
1482 1686
2230 2744
2239 1476
2708 539
1114 175
2836 2539
1816 2016
1000
191 2250
2920 1711
1810 202
2733 706
1626 2723
886 1069
2923 1431
2520 653
251 2006
1787 109
2824 200
362 1515
2888 1763
2807 2980
1541 2858
2325 2856
1786 1011
752 356
199 2526
1931 1889
789 2825
69 409
2384 2278
2205 807
124 995
304 1503
2001 1360
2125 326
1951 737
1387 50
1762 264
1893 1206
413 1101
380 532
2396 722
2638 355
1986 326
2263 561
2118 2450
2441 462
448 2313
2064 116
353 1414
1802 528
36 425
559 2239
2325 1599
247 1057
2850 1011
342 446
755 2227
710 1699
1236 2103
1951 2497
1524 2862
72 506
717 859
488 2273
465 1594
1838 31
2770 1213
660 2886
1921 2754
1037 341
1365 1176
591 2972
948 2461
362 1355
240 1012
1572 2521
372 1457
2123 972
2446 2426
2365 1946
2036 551
745 186
1725 1995
987 2535
73 2335
56 1134
493 1895
2491 1067
257 620
1182 2690
1936 2572
1255 119
366 2154
1446 1628
1619 1027
1109 514
693 2405
425 1949
2215 2522
69 1104
1522 707
2751 2657
1319 557
1312 2204
185 19
46 2512
1546 2836
128 834
910 2722
2420 1289
1227 2091
1280 647
2378 1318
1729 1750
680 1495
946 202
1383 2060
2268 436
2009 1482
114 2742
2705 1485
891 2555
26 1071
1439 249
792 622
2679 2677
2977 2315
1298 1237
887 2726
719 2483
2804 1825
2679 2021
548 2360
889 1969
984 2927
1123 1284
240 737
2029 2907
977 1355
1016 2588
1512 977
2607 348
2608 1081
2946 518
345 1037
308 2781
829 1242
907 2712
914 2975
1497 1483
2009 2824
1699 2375
755 836
2570 2797
1903 1734
2501 1244
1696 985
2999 1684
498 1770
2186 959
1810 272
2725 139
1762 964
2337 803
373 1864
1771 1101
819 2636
1318 1100
153 109
847 301
2671 2076
989 329
2018 2140
2383 541
2090 1856
318 1397
2562 916
1258 1938
1818 1196
253 191
1202 973
857 1876
1044 2711
1557 487
79 1085
1948 474
834 1586
412 979
1456 2759
400 690
336 1776
2079 1714
906 1944
1309 2565
2627 814
1530 2036
1686 2293
599 2399
1550 1601
146 562
335 1374
303 2959
293 637
3 2537
356 1590
888 1417
1945 889
2688 2365
2234 930
536 928
2356 547
342 2216
2574 1548
1285 2592
2045 1195
1471 286
57 2212
657 1399
1203 2473
2606 890
819 2420
1066 1749
2889 2196
958 1695
2156 1055
337 2001
54 61
944 2340
1069 2472
2396 783
906 2127
1896 448
503 857
2709 2547
692 2981
2741 528
709 616
634 1288
21 1752
2713 426
2513 2909
1511 1416
412 258
1091 641
1909 2591
2889 2937
242 56
322 2598
433 2621
978 2479
1970 1037
1775 53
2471 1941
803 2479
2843 2403
1713 887
2015 1280
2833 1898
1304 742
188 2742
1249 1241
2761 2720
2191 1973
664 163
2890 1203
975 1567
2965 2308
1137 663
2702 341
36 2380
169 2505
2366 2580
1714 333
1815 1721
1101 1254
2354 1234
2145 261
266 2923
584 1147
2609 1107
2147 253
390 130
1839 2915
381 1539
799 2180
1545 330
1906 1071
1203 1537
1574 579
2494 313
1763 1552
2953 2317
2774 2161
496 940
2837 2737
2769 1479
948 759
114 973
1519 908
1147 2961
392 524
2705 2804
683 2727
473 1755
589 1988
2567 2284
922 91
826 2011
2759 519
1784 281
2621 453
681 1419
740 895
1931 977
242 2118
1077 1557
501 673
2231 1990
1473 2932
2048 1808
2747 875
1635 518
2086 1556
606 541
1898 1784
32 2960
2441 1115
1993 17
2158 1865
1723 570
696 1490
333 2370
2198 2896
1641 1651
214 1763
1706 682
2041 2001
2256 698
804 162
1173 173
1941 2759
794 2571
458 464
2853 1493
895 1062
1809 2544
476 827
1227 1733
2292 1884
1703 1350
1453 783
426 2002
2461 851
2519 385
1136 885
1259 1712
496 2220
2918 971
1791 332
711 1309
1056 2654
283 2075
1104 1143
403 2619
991 740
1743 1760
2898 169
903 2291
2977 2439
1986 2217
2710 2454
2462 1900
725 1915
2839 78
88 1515
2074 2628
2758 1876
2615 1585
443 896
706 1177
751 1848
130 2537
1143 1366
584 1873
1985 648
237 2253
1093 2480
118 1650
285 774
1423 1295
2361 1252
518 1785
1706 944
2606 1066
864 2854
76 2301
1491 162
1893 819
2895 1856
1260 95
2989 757
1826 2091
10 1629
218 1097
2784 2477
2013 2642
2544 2971
1713 2560
646 1888
1351 2531
649 2320
2739 1695
636 2680
428 1637
1058 2898
629 2149
563 425
2141 1137
2126 1907
907 14
1275 2797
2963 2858
2233 2103
1522 1872
2954 2153
2665 1859
1157 2466
1805 1701
2031 1143
2125 1278
2633 746
2284 1912
565 1718
719 1722
2258 2682
41 2391
2665 703
451 873
901 2372
1290 112
1495 1159
549 1290
1865 1440
1918 2463
158 2378
2871 2902
2792 2483
571 252
1230 2725
441 1990
2009 2046
1954 1750
413 1399
266 1584
2420 2553
178 2085
48 782
441 2417
778 2507
753 1411
1028 1812
2890 2085
2094 1788
41 182
1741 2460
2497 2465
338 134
82 202
161 1652
372 2533
1414 2603
1572 2534
1063 301
661 424
572 278
473 184
752 498
2549 2374
2118 869
736 1253
1026 586
2971 1074
2368 726
1483 2276
828 2494
452 744
279 2269
546 2981
2852 1419
309 1915
1885 2206
2961 2037
1373 2277
474 1534
180 824
1972 2668
2879 483
564 600
1376 2057
558 2620
2880 203
49 2626
889 1826
816 1065
31 1596
1643 355
2032 2177
1445 101
2521 2743
9 601
1969 2748
1910 898
1349 58
2356 375
112 1412
2896 705
2803 698
1305 2264
2354 2542
2382 241
653 2989
1164 459
1585 1692
1073 305
592 1075
2383 2283
2896 2494
2377 1535
2231 1002
1958 1801
1986 587
2934 2642
2527 134
128 328
844 884
1879 1058
1504 2954
1788 257
1708 2671
466 203
267 2131
2170 2390
177 621
897 830
2955 1657
1725 1690
428 1494
507 819
429 2224
2940 1755
411 1040
995 1029
2378 2048
1398 964
1246 980
2738 868
836 1063
506 2353
2515 1543
2728 1938
1120 1740
2774 1983
1830 454
488 220
2740 2992
1884 2582
1971 610
276 669
2588 2708
1121 2132
2914 666
2420 2630
326 2492
2316 339
383 1318
2833 2493
2911 1694
485 1232
186 515
1595 2003
1853 2352
1504 136
2144 299
1164 1461
1088 2689
144 2078
1966 1530
213 308
818 2417
922 872
2723 327
1282 2014
2240 1701
382 2097
176 2576
651 911
2570 2277
177 556
2791 1000
611 533
609 1642
2369 2223
2793 600
1136 145
523 1799
526 917
2384 2204
2912 2788
1726 904
2840 333
225 2506
1065 1573
2248 2004
1951 892
2824 1094
998 660
843 179
1137 1601
872 2983
1017 2669
604 1890
2719 2459
1412 1549
1300 1
1349 2629
1065 1308
2001 528
2496 1101
2716 923
1753 1077
761 491
626 138
2530 248
2267 1875
222 2285
1835 1507
1578 1130
2089 2492
1157 405
181 1384
2288 2290
2243 620
2778 2217
1437 247
1195 2442
2851 597
1180 68
1501 299
2965 369
1390 2645
79 485
2093 2068
1724 1274
1175 2768
369 2941
2470 2707
481 2145
266 2567
1366 1965
308 2267
2027 607
1429 1466
2964 646
801 514
215 2626
827 1287
380 960
780 358
1161 840
555 1368
866 2685
2885 2343
2607 2206
2569 2238
2515 2627
568 422
157 322
811 646
2721 238
2520 518
928 1895
272 1060
87 231
1029 2410
1037 533
690 246
1638 1198
1841 2285
2133 2529
2499 2991
2812 1548
2847 928
1613 275
2862 1871
1353 1866
465 189
302 781
416 2317
801 1029
1431 754
757 1856
1788 1242
2503 1889
1601 216
541 116
1351 2778
62 2080
874 2839
491 1410
22 2356
2354 1929
183 2899
523 1654
1796 1090
354 2122
1755 1942
562 2455
934 28
1525 1741
2039 2681
1568 657
1595 474
2000 235
305 2628
1948 2739
809 272
364 2241
1456 218
2475 538
950 102
38 2779
2839 1071
742 1033
2538 784
999 1640
2250 1646
868 231
2076 905
876 843
798 1500
2985 428
52 1613
1294 281
530 1129
2268 2642
340 2596
2941 2724
806 1782
838 1591
1859 351
2643 2530
845 1074
426 2579
2349 1865
2738 1497
940 1727
314 2271
2495 2996
1011 2994
1498 2584
2575 2854
2155 2369
1403 2796
2295 296
1767 2966
2196 2134
475 2848
1256 544
128 1707
557 884
2714 1696
1953 2876
1062 926
2619 1849
2107 1818
2044 2076
71 2967
1060 65
970 1941
741 330
2905 2505
1888 2232
603 765
2667 2145
871 238
1656 1684
2552 2515
2552 2934
522 1491
2199 2020
1607 2202
1048 976
240 1202
1320 2817
126 855
618 1164
300 991
2549 448
1523 2779
853 2028
142 1588
97 745
1263 719
1666 309
1183 2959
303 528
2413 952
28 1171
2470 2274
1672 858
720 2587
2262 2596
1487 1363
2677 963
864 1376
2765 439
2383 2710
656 2209
1361 613
1194 2206
610 2878
484 624
2299 1027
1399 2046
2423 2535
310 2554
1356 134
1754 780
729 1255
697 1857
2819 438
2523 1047
2247 241
1008 385
1003 1980
2732 2442
2437 898
1418 219
893 691
556 367
2762 1616
783 999
2878 1133
1741 2581
2614 767
1417 520
2720 2701
2181 2518
367 2433
267 359
2470 1226
2495 250
1407 1278
1087 1523
1570 1145
1295 2369
1805 18
392 2529
1140 2763
551 2505
1158 2913
203 633
2792 2757
1635 2273
2738 895
398 991
428 1562
2618 1408
459 2273
998 2315
2797 2127
2909 282
1399 2733
1427 1055
656 2810
1777 2774
1700 274
1969 2569
1115 1218
989 1003
2826 2539
2315 223
2822 2852
1571 2488
1621 2369
465 815
2704 806
368 1282
461 2828
2817 2471
1768 35
974 72
1903 2322
1061 1916
1184 2851
2061 2923
651 1702
796 686
998 755
2424 1413
2390 1258
2150 1970
1332 456
2894 440
1904 596
2155 1646
2292 2861
756 2174
1996 1646
447 199
1085 2754
457 721
1512 927
1438 883
509 86
331 1245
535 302
321 1655
1288 2283
2182 1172
211 2692
345 1424
114 603
2821 2841
2939 578
1633 1044
2540 2805
275 1
461 1617
2675 2609
1589 1675
463 164
670 462
2503 14
1573 2005
2360 2052
1970 284
1675 1822
2517 12
2342 1196
1680 2897
2517 1329
1362 1924
2594 2577
599 2133
1937 2952
447 284
2516 467
1709 2541
2819 2156
2212 203
727 640
2018 1426
1578 1256
121 2844
1913 2172
2739 2945
418 2686
1659 1763
2 268
2969 517
1607 195
1095 1937
301 107
240 2179
445 1095
230 2054
855 2936
383 539
1099 2402
1151 1495
2012 2820
1249 44
2315 132
1851 1545
2881 2780
1427 2368
2948 1487
832 888
2897 991
2219 1901
2883 962
2286 209
1491 2971
2649 1172
2105 776
2013 2968
1522 14
1340 2531
1813 983
2957 502
1119 277
1431 565
57 666
2253 2802
173 2021
534 922
420 524
702 692
2564 383
1542 1464
2316 109
500 2139
2137 2864
922 1759
289 2477
1000
897 800
2224 1606
2046 2177
2547 2809
2779 984
1569 2104
1782 2179
2664 2683
1411 1166
2438 2263
1572 670
191 2281
1148 1740
31 2956
1228 128
2813 189
180 1183
2945 479
1606 614
362 1883
2438 2414
322 788
1154 2783
1704 2287
2539 1593
1117 163
1800 2645
1723 2239
684 1711
655 751
1622 1313
1435 1168
1452 1732
410 725
1170 1249
69 1407
271 1781
613 2156
1142 396
1068 838
1761 843
792 1833
687 218
1063 1000
164 1559
2192 2741
2263 245
599 1888
1161 29
651 2106
80 798
2168 2810
512 479
99 1492
2764 928
2060 1472
1572 1026
420 568
865 128
2056 175
867 1543
2285 2989
1078 1387
408 740
1545 1661
1438 1144
2654 2351
2703 1534
1233 2794
1879 2981
2551 1219
2252 1083
1223 1305
1033 173
85 2009
1185 2950
187 1928
1976 523
2454 354
1357 2265
2205 2501
2798 1761
2566 2805
2564 2900
2564 2625
749 1979
2928 2587
1639 1390
4 1211
1623 2769
1447 191
2954 926
2287 2926
987 1858
604 397
599 1388
2088 1567
2558 28
1012 2908
2305 965
953 2603
2255 1866
1859 2622
1804 2579
2146 15
1548 2210
2746 2923
1596 1527
2755 981
2662 2100
634 2026
257 2232
484 2575
2555 1636
868 871
1172 1157
1628 1697
230 2791
1230 1915
538 958
1857 664
2567 1833
250 1797
2293 110
1225 2637
570 1097
993 867
1053 1598
2952 2928
2564 599
1922 758
2290 900
667 2845
2143 2589
2123 2948
1191 2445
1247 2694
2160 2566
2578 1035
2410 2449
2929 587
1168 1047
319 763
2917 1486
918 500
767 1107
181 194
2895 729
551 1292
2015 589
2204 2983
2238 195
2446 1389
1666 2454
2597 1033
2626 1316
1616 863
1186 1975
662 2469
654 2606
1795 51
1276 1661
1879 1433
2386 814
1225 1722
2229 554
1820 1656
1365 319
368 2220
2563 1479
363 1329
1704 2562
418 2813
720 2100
943 2531
1336 2129
1696 1981
2776 1295
1670 2983
1081 1940
2670 1197
1658 2545
2080 1048
2734 306
2940 2316
1157 1710
545 876
1576 1581
881 847
2244 2973
2637 2428
2161 1824
2976 2311
609 1775
685 493
2393 1849
750 1687
2749 452
2112 44
1720 2932
2406 1618
226 2252
2449 2874
532 2045
2057 2051
74 2093
1019 1331
1309 2651
1421 1498
1932 370
431 914
992 1178
1842 1344
1995 588
2210 2178
1304 2751
464 1904
1306 1904
1281 249
803 1824
1614 1680
1317 1278
2787 1723
1011 619
2283 1736
2189 1675
2768 788
2368 2513
2050 1874
2967 1092
1827 816
2290 1124
929 867
1549 2816
441 1829
637 2110
2542 1114
2919 283
360 627
1765 2505
1564 2998
2535 2406
283 283
2276 2804
2055 837
1074 2736
289 1367
700 193
2746 1644
826 1796
230 1643
2675 2538
725 2844
1246 243
2634 739
413 1119
167 2483
2289 2969
163 562
2983 1370
2404 2530
2678 2362
2399 1675
309 2343
377 2536
1094 2929
2843 1879
2002 434
2802 2899
1947 1999
1497 452
1913 818
323 2236
845 2952
981 345
1755 1416
2220 183
474 2945
1380 1907
2821 18
2257 331
355 886
2610 585
1911 2140
250 975
1347 812
2219 1968
632 2955
232 2646
1037 696
22 2942
1409 862
2974 68
978 1159
409 1833
2409 2397
1633 2018
2270 2273
88 2511
44 312
2918 1524
1375 2337
1796 857
716 2258
1676 1486
106 850
1922 884
482 151
493 2457
1444 1032
2073 2262
954 1997
543 1843
2181 2138
108 500
2885 2288
2267 1707
1801 783
2900 2961
2496 1979
2216 2184
736 1418
2914 2807
935 94
2524 1885
2967 2014
1692 1135
101 1516
2444 1624
1260 2106
1791 223
2236 1584
694 1100
735 2312
2489 1462
1566 729
761 771
1501 2812
1444 2377
136 2087
2549 2694
790 1509
1623 2240
1998 348
2141 933
1326 2329
1154 222
346 1426
673 322
1272 1808
1583 12
419 2310
1156 284
1972 2862
1591 203
877 1003
2113 1915
2748 544
1437 2639
2252 1183
2539 2836
972 1529
1028 2113
2619 974
1973 876
996 2566
1488 1802
682 1007
2088 12
1821 2444
111 1849
813 1572
1109 700
2378 330
2397 2231
1504 2411
632 2531
82 1288
1497 2970
1070 1240
2424 2773
56 991
656 837
1670 1581
2240 869
1047 1777
1975 1336
936 2165
2517 2593
2189 1701
2683 2585
208 2932
1736 2043
1104 2589
2527 2186
1875 410
289 841
1150 1017
138 2541
1372 2391
1313 582
1843 2468
406 1813
1830 398
2537 699
281 465
1854 2374
2163 581
2375 1125
2363 1257
2741 707
1206 2686
1306 1170
1699 2478
916 2386
2344 225
26 2201
846 1118
441 574
1664 2248
828 2769
601 1979
1906 1337
1933 2045
2947 341
2577 1667
2478 106
263 1484
1107 1504
1186 1150
862 1252
757 1286
428 2601
1460 2273
2429 384
2255 127
1365 2257
1152 399
189 2490
1859 1768
1303 2317
848 544
714 333
2758 1275
2009 1214
822 1270
2107 1329
1247 737
1143 513
1328 745
2254 359
2753 952
625 53
653 1195
2180 2198
2667 2100
196 280
889 1064
1883 613
1204 1348
2492 2466
594 2783
2197 2310
1879 1382
1563 2335
1387 2516
170 2849
2636 2891
91 416
824 1690
1725 15
508 1560
11 2733
1842 91
386 2260
2442 2150
1206 1002
1270 766
619 1896
1020 788
222 2607
2438 755
1689 100
2979 2438
466 2345
1278 175
1326 971
338 560
467 238
2023 2723
1523 535
255 2509
605 802
546 219
1110 1956
2766 2903
2078 293
2745 350
1438 1697
2519 2315
2627 2384
1886 1358
945 395
1626 1338
504 1907
2432 1928
546 1700
635 1481
1708 14
2138 1558
2734 1807
2513 77
2419 243
1607 1182
825 647
2911 1417
2236 167
1694 2553
1205 2968
628 406
951 1555
2102 131
59 1198
259 1066
561 1338
934 2107
1679 873
1119 548
1028 2721
1584 2578
2871 1482
1205 2585
2169 333
2804 2259
2914 1410
234 2122
1303 686
426 2336
1075 216
2636 1910
2015 1080
1606 1250
595 2522
586 250
100 951
1634 2495
2277 1594
2343 2521
714 2959
2812 463
2828 483
2043 2372
2419 1567
849 275
1179 1129
1087 2432
241 1924
256 2056
1499 27
1834 1421
1893 203
378 2465
469 1665
1298 581
1660 633
2583 2252
1490 1843
455 1935
1291 1428
763 2572
1444 2043
717 2285
2492 2284
1717 1426
1589 887
1098 2318
2844 2919
2066 1050
623 2919
2507 435
1124 2461
318 1205
1331 1466
1844 1412
168 969
1106 797
2694 677
2086 1997
388 2158
1395 167
1591 1178
1394 2755
537 1213
1060 384
2872 285
2088 1785
82 1716
2896 1018
504 2531
2726 510
69 968
2063 2493
500 2932
493 1016
495 2225
2603 1091
1232 397
2080 26
747 1151
2400 1814
924 65
1861 743
2053 2892
480 1338
952 2444
2421 2935
2984 261
2663 2362
125 2811
779 1119
2332 2360
2827 39
539 1045
2322 1706
1234 2226
640 2087
16 1738
2793 1663
1160 2937
2479 1863
2783 1969
1166 2214
2829 1043
1220 2946
1657 2277
2166 506
2357 863
578 575
2955 2251
885 669
976 918
1396 1618
2680 1643
2056 1762
2393 1886
20 700
627 1481
584 929
1215 383
2352 748
362 1296
2865 2896
1 655
742 210
2075 371
1935 2311
1140 2559
995 491
2852 1993
1978 2067
2889 2685
243 2878
957 1673
2433 2215
1921 59
1873 1513
1597 175
2362 2693
1310 2489
2493 2827
676 2368
452 1873
2903 2895
2745 1844
2115 2171
2294 2209
1924 2596
327 2901
277 1221
1264 1987
1212 1170
1303 2061
9 2865
5 1736
2966 1609
374 38
1572 727
805 2583
540 928
2049 1010
1265 221
62 2062
2115 2643
1862 2153
1261 871
2670 150
809 2872
2553 499
961 120
2776 2061
1338 1127
2180 195
2516 1745
1679 1622
576 1656
408 1959
2231 1781
2254 655
2368 2744
78 376
1277 630
2006 1076
2719 1516
594 829
2791 1476
1232 607
2757 647
2925 2675
1558 2441
1233 1671
628 771
193 1924
2862 1866
2892 1443
272 1502
2552 2745
1309 1431
2537 458
355 229
1846 1811
1774 119
205 1980
2645 458
268 298
2722 738
1239 498
2567 707
135 186
2849 2141
2574 2985
1902 174
2737 1496
1613 196
1235 929
2277 1585
2328 576
2797 1449
2378 2535
834 2943
2170 2426
723 2162
2311 1682
2103 1541
1516 1781
2058 2160
416 899
1495 1133
438 2933
944 1612
381 2178
512 2609
2490 254
2056 2190
2463 1390
1499 1006
2792 1960
1555 1933
2465 25
825 1477
102 1787
2745 366
1644 171
2465 850
1107 78
747 2366
2047 2276
2775 467
2553 1514
2409 2291
2739 1894
88 1653
501 529
2782 1355
180 1651
1883 1247
1278 754
818 891
607 1106
786 2988
487 1013
402 2040
1794 2346
2061 117
2341 944
801 1112
1315 1315
1831 1709
2041 744
1097 1868
2095 1141
1218 226
2305 69
1113 135
1208 838
1898 1530
1147 604
1059 508
590 2502
934 38
2880 2568
224 2223
2043 739
2332 1349
2357 1706
738 2589
1504 1822
1465 303
1904 171
1401 2615
315 201
2 2888
1339 1439
2951 659
377 1947
883 1820
1204 2964
1409 377
610 1743
2403 1408
240 2109
1242 602
2035 411
1606 1551
1123 2126
1064 177
2092 2705
2630 529
934 2605
1076 2108
1850 64
75 2518
1374 1559
1743 602
444 294
2947 2831
1817 1786
737 2628
960 575
1072 108
1545 2409
262 1803
1526 510
179 800
321 2686
2242 2379
1846 722
1311 3
145 1330
1335 902
1913 124
2945 1806
2338 999
800 1629
137 1432
698 478
12 1888
1123 1514
107 2790
528 444
1233 1596
1088 491
1447 215
2028 1138
285 2747
1193 1621
2296 2604
961 701
1347 1541
705 656
234 1743
950 1947
1551 1635
2939 448
1652 454
359 368
664 1069
922 2609
2910 1980
2300 720
2065 743
837 301
1697 2965
2794 1194
1524 2473
2742 957
1671 1592
1916 2079
2460 2393
2820 2153
2598 2024
636 2270
1464 1280
482 297
3 686
430 1480
1646 1659
958 1271
817 2516
1811 1663
1045 1727
2600 2695
2219 397
802 635
156 2157
2973 2782
2284 90
1785 501
727 288
1119 1502
766 2576
2762 417
2224 2339
1015 34
2454 2353
540 471
417 2115
331 1416
2463 2063
2031 2280
2932 2398
2862 2599
751 456
696 2476
785 1486
1610 1435
164 886
1984 1310
116 1899
1164 1593
1648 1916
492 220
2315 994
2290 444
12 151
2897 624
1203 1358
1967 267
1182 2520
2452 2319
1005 1024
2101 374
927 2585
2478 674
281 147
2683 1428
2405 1315
1048 2488
603 2103
34 973
2071 2736
1196 1882
1740 2889
790 2849
947 282
2527 1371
2450 423
1632 2531
1945 2640
509 2423
559 2514
2087 486
2826 2288
1280 1905
58 861
1461 1459
612 493
1623 401
1795 488
1341 862
2460 778
2896 2965
340 51
1659 2035
288 202
1941 39
21 2693
2471 1574
2708 1420
113 2235
494 2663
1880 89
1620 902
571 2500
811 1391
700 190
1341 1751
785 2712
1562 2484
2466 2623
2534 2376
0
