B 0 0
B 16 16
0000000000000000
0000000000000000
0000000000000000
0000000000000000
0000000000000000
0000000000000000
0000000000000000
0000000000000000
0000000000000000
0000000000000000
0000000000000000
0000000000000000
0000000000000000
0000000000000000
0000000000000000
0000000000000000
B 16 16
0000000011111111
0000000011111111
0000000011111111
0000000011111111
0000000011111111
0000000011111111
0000000011111111
0000000011111111
0000000000000000
0000000000000000
0000000000000000
0000000000000000
0000000000000000
0000000000000000
0000000000000000
0000000000000000
B 16 16
0000000011110000
0000000011110000
0000000011110000
0000000011110000
0000000011111111
0000000011111111
0000000011111111
0000000011111111
0000000000000000
0000000000000000
0000000000000000
0000000000000000
0000000000000000
0000000000000000
0000000000000000
0000000000000000
B 16 16
0000000011110011
0000000011110011
0000000011110000
0000000011110000
0000000011111111
0000000011111111
0000000011111111
0000000011111111
0000000000000000
0000000000000000
0000000000000000
0000000000000000
0000000000000000
0000000000000000
0000000000000000
0000000000000000
B 16 16
0000000011110010
0000000011110011
0000000011110000
0000000011110000
0000000011111111
0000000011111111
0000000011111111
0000000011111111
0000000000000000
0000000000000000
0000000000000000
0000000000000000
0000000000000000
0000000000000000
0000000000000000
0000000000000000
B 1 1
1
B 2 2
0001
B 3 3
001101010
B 4 4
0001110101010101
B 5 5
0010011101110100111110101
B 1 10
1001010101
B 10 1
0100011010
B 2 20
00111011101001101010
11010001010101000010
B 20 2
00111000000010100000
01011111000001010001
D  16  16
0
D  16  16
D0100
D  16  16
D0D101100
D  16  16
D0D1D01001100
D  16  16
D0D1D0D1011001100
D   1   1
1
D   2   2
D0001
D   3   3
DD00101D010
D   4   4
DD0011D0101D0101D0101
D   5   5
DDD0011110D0D0110DD011D101D1101
D   1  10
DDDD100D10DDD101D01
D  10   1
DDDD0100DD10D10
D   2  20
DDDD011DDD011D10DDDD1001DDD010D10DDD10D10DD01D01DDDD010D10D0D10
D  20   2
DDDDD0110DDD0110DDDD01000DDD01D100DD1D10DDD011D01
B 3  4
001000011011
D  2   3
DD10111
D   3   4
D0D1001D101
B   2   3
101111
B   3  30
01010101010101010101101010101010101010101010101010
1010101010010101010101010101011010101010
D   3  30
DDDDD01D01DD01D01DDD01D01DD010DDD10D10DD10D10DDD10
D10DD101DDDD10D10D1D01DDD01D01DD010DDD01D01DD01D01
DDD01D01DD010DDDD01D01DD01D01DDD01D01DD010DDDD10D1
0D1D01DDD01D01DD010
B  30 20
10010010101010010101010100110100101101010010101010
10100001010101010010001010101010100101010101010100
01010010101010100100101000010111111100100111111111
01010100000101010101111000000011111111100000000011
11111111111111111111111111111111111111111111111111
00000000000000000000000000000000000000000000000000
00101000010101010101010100000001010101010101000000
11111111111111111001000111111111100000111111111111
10010010101010010101010100110100101101010010101010
10100001010101010010001010101010100101010101010100
01010010101010100100101000010111111100100111111111
01010100000101010101111000000011111111100000000011
D 30 20
DDDDD10010D0001D10D10D01D10DD1001D10D10011DD010D01
D01DDD0101D01D01100DD10D0110DD1001D10D00111DD01D10
D011DDD0111D0111D1D0111DD1100D1000DD10D1000DDD1011
111DD01D1011DD1100D1000DD10D1000DDDD10001D10001D0D
010D01DD0110D01D1101D10DD10D011D10DDD10101D0001D10
D01D01D10DD10001D10100D00D100DDD1100D1011D001100DD
0011DD01D011100DDDD0001D10D0111D01DD01D101D01DD111
0D10D0100D01DD010D10D01DD00D00110D0D100D01DD00010D
0101D10D1D10D01D10DDD0110D01D0110D01DD100D100DD010
1D1011D1D1011DDD1010D01D0100D01DD10D01D10D01DD1110
111DD10110DDDD01010D1100D10D1011DD11101D00101DD10D
100D10DDD1010111D0111DD11101D10001DD10101DDD0001D1
0D10111DD01D10D011DD0111D0100DD10000DDD0110D01D001
0D10DD100D010DD1000000D0011
#
11111111111111111111111111111111111111111111111111
00000000000000000000000000000000000000000000000000
00101000010101010101010100000001010101010101000000
11111111111111111001000111111111100000111111111111
10010010101010010101010100110100101101010010101010
10100001010101010010001010101010100101010101010100
01010010101010100100101000010111111100100111111111
01010100000101010101111000000011111111100000000011
11111111111111111111111111111111111111111111111111
00000000000000000000000000000000000000000000000000
00101000010101010101010100000001010101010101000000
11111111111111111001000111111111100000111111111111
#