1000
8
50 24
59 11
73 25
79 24
10 1
66 13
43 28
4 8
5
11
23
4
20
10
8
61 4
100 19
17 26
98 27
13 8
11 4
80 20
80 22
3
3
14
7
6
46 9
92 25
58 12
54 29
45 29
91 25
2
1
14
3
67 10
25 12
54 28
4
19
14
29
2
6
14 16
15 24
37 6
70 16
95 10
2 18
1
16
5
52 19
89 24
6 23
53 27
17 28
4
25
22
28
12
9
38 9
78 28
95 25
10 12
46 16
36 9
43 20
69 3
61 8
5
29
26
19
24
11
7
63 23
66 23
53 8
22 16
13 22
2 21
32 9
3
17
21
21
10
36 17
73 29
96 10
55 24
90 21
6 7
24 27
14 21
39 5
21 15
2
5
27
5
64 19
45 11
51 10
24 28
86 8
3
10
18
16
7
86 14
21 15
69 26
16 16
35 23
12 10
53 25
1
9
7
93 16
92 24
70 8
54 8
26 21
63 22
9 8
2
16
26
9
96 7
68 20
75 22
57 2
73 21
95 5
56 10
8 16
94 30
1
26
6
7 4
3 27
9 10
32 25
39 19
98 22
5
4
12
22
5
30
6
10 1
30 14
55 11
38 16
18 16
1 27
5
28
19
25
21
1
7
13 5
98 15
82 29
66 9
100 10
30 4
84 18
3
24
3
16
7
54 5
31 27
1 25
71 16
17 9
56 4
58 27
4
7
18
2
9
5
20 28
34 12
21 23
34 18
32 9
5
4
28
5
19
1
5
61 26
48 21
31 16
47 8
39 1
2
26
28
4
15 24
61 25
19 28
86 10
1
24
3
18 14
20 28
48 30
1
4
4
4 19
86 9
60 7
31 15
3
4
14
28
1
51 22
1
14
1
21 4
4
24
27
11
5
1
80 3
5
20
23
30
12
1
10
84 11
41 14
51 2
30 9
47 30
31 2
77 25
45 9
97 22
65 21
4
22
21
24
22
2
6 1
19 15
5
4
21
6
3
4
9
18 29
51 25
96 8
12 1
67 21
94 4
66 21
43 24
53 18
2
21
21
10
28 12
88 15
26 12
18 9
43 16
75 6
74 21
12 30
55 26
30 14
5
17
27
5
21
19
3
21 7
81 18
53 20
4
22
22
27
12
2
29 22
62 16
1
11
9
54 18
51 2
64 5
34 8
28 6
32 23
17 27
16 25
2 8
2
14
25
9
37 22
16 11
17 6
74 2
21 22
70 6
28 7
29 6
85 18
5
27
17
7
17
28
1
85 22
1
9
2
45 29
19 5
1
18
10
19 5
26 19
29 30
35 18
41 5
41 27
36 4
49 16
12 13
65 17
3
16
26
1
6
93 21
48 18
100 28
16 4
80 10
65 20
2
6
30
9
34 1
90 21
18 27
39 24
39 27
22 30
97 18
89 20
88 16
1
3
5
90 15
35 28
20 6
46 7
62 26
5
12
4
29
29
30
5
4 30
66 12
8 15
66 12
55 7
1
14
3
33 2
55 18
18 11
5
26
8
13
20
28
7
49 23
30 10
9 24
58 22
53 17
22 8
97 26
1
25
6
22 13
94 18
33 5
92 9
53 17
71 24
5
15
20
17
6
2
4
53 17
20 21
11 4
70 26
4
12
2
23
27
10
72 30
71 17
92 18
34 29
78 1
84 7
90 22
35 12
5 7
92 1
3
5
21
5
4
42 8
80 15
38 11
62 2
1
3
3
33 15
60 28
78 3
1
20
1
78 12
2
1
30
3
60 27
91 23
49 5
5
19
1
12
6
22
2
2 16
62 28
1
19
6
74 8
70 27
4 22
76 9
1 10
63 5
4
14
10
1
6
6
65 15
64 19
53 23
17 5
21 11
51 19
2
28
17
8
2 5
29 22
49 6
54 22
30 4
20 22
21 25
80 21
1
11
4
43 19
83 5
29 14
76 1
1
7
8
71 8
44 4
53 12
25 1
81 19
58 4
99 25
46 3
5
11
20
29
21
16
4
56 6
35 16
22 2
27 12
5
14
15
28
10
29
1
38 26
4
15
13
26
21
8
41 18
67 29
63 14
70 1
24 9
14 22
11 1
79 1
5
28
7
12
27
2
5
40 7
85 13
9 15
55 20
29 12
1
24
8
25 24
55 29
82 3
89 4
60 30
80 27
62 8
54 30
4
5
1
7
14
5
37 20
68 5
40 5
52 30
67 18
1
30
8
74 12
96 17
75 16
32 3
29 29
71 28
98 20
47 21
2
23
24
3
82 22
31 22
14 19
1
21
10
55 23
95 11
33 30
78 30
33 13
84 2
54 3
22 27
19 12
1 7
1
5
10
30 5
76 11
17 10
81 9
89 23
29 21
63 21
50 16
84 26
60 19
5
12
13
19
25
1
2
71 29
52 25
5
6
10
11
13
24
6
20 1
32 24
47 20
71 5
11 3
65 25
2
20
1
3
62 6
35 10
91 23
1
24
9
23 22
67 9
24 3
40 8
94 5
79 7
72 2
56 17
90 9
1
23
3
17 8
47 22
73 12
4
7
6
8
24
7
54 3
26 11
54 28
34 16
40 2
59 5
61 19
5
26
9
23
24
23
7
37 17
74 15
85 23
20 23
29 30
63 16
17 28
3
19
21
11
9
93 16
29 11
44 23
64 14
73 2
10 2
87 14
70 2
58 20
2
17
17
5
55 15
16 18
67 18
78 21
13 22
2
15
24
8
25 5
34 21
28 30
30 20
45 25
52 3
80 15
8 24
1
10
1
54 2
2
6
4
10
97 4
62 29
92 4
21 19
88 17
73 30
42 15
52 3
46 1
75 13
2
28
17
4
45 2
80 26
30 29
49 9
3
4
29
9
10
27 9
7 30
56 30
77 9
97 10
65 18
17 29
92 14
99 21
49 2
2
9
28
7
62 29
29 4
36 27
9 29
80 30
24 28
93 24
4
14
26
22
16
5
63 3
20 12
36 9
69 21
35 11
4
16
16
30
16
8
88 14
38 17
35 24
76 25
56 7
100 15
94 27
34 5
3
15
21
8
6
11 23
6 25
53 2
86 22
7 11
61 13
4
11
6
21
26
8
85 9
1 17
1 16
100 23
29 14
18 7
3 10
79 26
5
3
26
16
20
2
2
75 5
63 7
4
27
20
2
21
5
76 29
63 22
37 21
9 15
48 29
2
18
11
5
97 20
46 14
63 30
55 22
87 17
1
23
4
94 26
89 2
39 12
92 14
1
18
3
44 6
69 24
16 27
2
8
30
3
35 19
44 10
7 5
3
18
24
22
8
35 30
17 20
39 21
84 27
97 16
25 3
64 2
13 12
3
6
17
25
9
81 2
31 26
15 23
37 8
10 26
20 12
11 29
10 30
68 10
2
20
1
6
78 3
43 21
82 26
31 6
37 15
46 23
4
1
27
15
28
2
82 29
6 3
1
12
2
43 25
36 26
3
4
3
14
2
82 10
19 21
5
26
23
15
13
4
6
29 25
56 2
82 1
5 12
17 22
65 26
3
14
24
17
9
95 19
44 10
3 4
71 20
13 28
33 13
98 30
74 11
20 1
2
6
29
3
46 21
63 29
84 10
5
14
11
22
16
23
8
54 20
17 15
70 13
4 26
30 8
83 25
53 5
27 28
1
30
3
87 23
30 17
50 20
4
11
24
27
14
8
86 29
88 18
32 17
62 24
15 4
33 13
12 12
72 23
4
14
11
21
15
6
88 1
82 19
87 24
41 20
37 23
39 25
2
7
3
6
22 8
42 29
55 11
98 18
52 3
33 8
5
18
26
8
24
9
10
44 18
82 16
58 6
18 23
25 15
60 10
17 21
52 27
23 4
16 20
2
30
22
7
24 17
45 1
39 2
60 26
66 22
88 28
49 21
5
5
6
14
10
27
6
44 18
33 12
79 5
3 2
21 27
31 14
3
29
15
28
10
26 14
64 7
81 29
80 28
15 6
90 28
6 18
15 16
9 18
50 26
5
7
17
9
16
3
9
54 10
4 14
24 30
22 25
35 16
3 17
80 6
51 14
51 23
4
24
12
28
9
7
79 27
68 15
11 21
59 8
47 15
57 14
38 19
5
17
19
23
24
21
5
5 24
74 13
80 18
70 18
32 4
4
20
11
15
18
5
72 29
21 19
19 2
18 3
14 11
2
21
25
9
71 14
50 5
26 12
92 21
18 11
55 6
2 15
93 5
71 7
3
12
6
10
2
66 11
11 16
5
25
24
25
15
25
5
24 26
78 8
28 3
75 23
40 10
4
18
21
21
17
7
13 26
39 27
22 25
28 9
61 13
88 16
82 7
5
1
6
19
10
3
4
13 27
29 14
27 7
27 14
2
7
3
2
10 28
25 23
1
3
6
81 3
52 13
74 18
18 27
66 2
40 20
3
10
1
27
6
82 28
60 28
94 16
30 3
49 24
80 19
3
5
22
8
7
1 23
2 21
99 8
50 5
28 23
60 28
71 2
5
15
1
26
20
18
6
96 15
1 29
18 14
18 25
69 18
76 24
3
8
7
23
3
63 29
41 26
71 27
2
30
1
3
18 16
53 25
36 1
2
14
12
8
52 21
50 28
35 29
24 9
72 3
60 7
46 23
24 10
5
5
17
8
13
1
7
2 16
45 17
75 8
76 6
67 5
92 12
41 7
5
8
8
20
4
13
6
100 20
21 23
49 14
77 27
34 8
94 24
4
5
27
4
1
2
87 26
70 6
4
26
30
22
15
1
57 13
4
24
6
12
16
3
49 16
53 11
32 1
4
18
10
21
22
10
83 20
97 30
2 7
31 22
21 3
52 16
71 15
58 14
16 19
62 17
4
19
17
1
3
7
80 1
33 2
73 22
88 20
9 28
37 3
79 24
4
5
30
27
4
3
24 17
80 6
75 3
2
28
12
10
95 18
57 27
17 18
14 15
58 21
58 1
37 14
34 6
11 3
67 27
4
28
4
8
27
6
25 7
9 4
62 8
72 7
15 25
90 16
5
19
15
11
28
14
3
56 22
12 1
13 10
1
14
6
39 15
39 15
82 11
51 29
76 29
75 8
3
19
11
23
6
35 1
47 14
21 21
76 23
43 21
39 3
1
16
8
35 28
75 21
91 7
7 2
44 23
56 29
76 11
76 7
3
26
28
6
4
96 27
84 23
28 22
100 6
2
8
7
1
96 27
2
12
16
7
80 21
25 8
23 24
74 11
4 4
35 23
58 24
2
18
20
8
87 12
95 3
31 21
55 27
20 18
84 20
14 13
40 25
4
24
10
6
6
8
41 18
98 20
69 14
1 10
48 2
89 6
21 25
73 7
1
10
10
89 30
53 23
59 8
82 23
17 10
46 19
86 19
14 18
6 25
55 16
1
24
10
59 30
60 16
24 19
45 28
38 2
43 9
78 25
83 27
76 14
11 13
1
1
4
54 19
29 24
83 2
1 6
1
2
5
35 8
29 19
86 19
59 25
24 22
3
25
16
10
7
45 29
48 26
68 4
77 4
37 8
47 23
58 13
2
14
22
2
95 19
5 16
3
24
18
6
4
57 19
52 18
91 21
33 17
5
18
25
8
6
9
7
46 18
26 18
80 2
42 30
82 6
26 5
94 15
4
10
12
13
11
4
30 23
81 30
75 1
77 20
5
19
9
27
27
23
5
99 22
28 6
28 22
10 9
36 26
2
2
13
3
20 15
4 25
32 27
5
24
15
14
12
25
9
60 6
73 13
73 26
30 24
44 21
10 6
85 30
12 10
84 29
1
18
1
81 10
4
24
27
6
1
6
43 15
92 14
94 4
99 14
62 22
78 10
3
30
3
20
1
32 16
2
4
7
1
5 14
4
23
21
17
26
8
73 23
81 7
1 2
19 6
20 24
64 22
59 3
68 13
2
22
26
8
30 8
92 7
61 17
93 12
40 12
85 21
14 1
9 16
1
28
6
98 20
100 23
84 18
20 30
38 20
100 19
4
6
16
28
26
10
25 6
67 23
97 1
79 10
72 5
46 1
78 9
55 6
9 22
9 16
3
16
2
1
1
83 21
3
1
12
21
6
21 5
7 26
9 28
25 30
94 15
17 25
2
2
6
9
4 28
23 4
96 2
84 19
58 11
57 20
2 20
11 15
96 29
2
28
22
4
21 9
16 17
25 14
65 28
1
30
4
7 16
32 19
50 11
10 18
3
25
15
11
4
12 19
65 19
89 28
63 29
2
16
28
3
78 20
91 1
52 8
2
10
11
5
78 7
6 12
85 16
76 20
40 10
5
23
25
21
7
3
3
22 11
35 18
94 28
2
6
19
5
33 9
66 19
3 1
20 21
38 23
2
9
29
1
34 20
3
23
15
4
1
12 26
4
18
4
25
25
8
3 25
70 10
15 28
96 29
68 4
68 1
54 21
84 27
4
17
1
3
18
10
72 27
18 22
59 6
89 22
74 28
21 3
94 23
90 4
29 4
99 8
1
29
7
44 6
89 22
67 14
39 15
68 8
23 7
32 14
1
18
5
52 26
30 3
17 29
51 26
3 14
1
18
6
53 9
87 19
18 13
24 7
97 2
80 5
3
1
28
19
2
44 15
53 26
4
13
8
8
6
8
62 3
78 15
29 24
36 2
40 14
24 5
92 19
60 14
4
8
23
14
9
2
22 20
70 11
2
17
4
8
55 9
70 16
81 18
28 16
89 27
65 18
7 29
28 23
2
20
8
7
28 21
39 2
43 23
66 30
12 19
3 14
74 11
2
23
25
1
2 18
1
29
6
6 8
15 22
66 20
60 28
91 4
83 13
4
30
5
2
15
3
28 5
25 17
15 18
4
29
25
8
6
3
37 8
26 25
55 9
4
4
11
15
21
3
5 6
80 25
56 27
5
21
21
11
22
15
10
68 3
11 15
64 11
65 9
28 2
1 13
45 26
70 24
56 9
79 28
5
5
12
28
28
21
10
13 3
84 23
42 23
68 28
89 28
34 3
82 24
33 8
51 6
71 10
4
6
15
28
9
4
1 15
92 28
20 16
94 3
5
30
19
11
29
10
8
91 9
9 27
73 23
18 14
12 2
32 28
69 24
2 23
3
19
9
7
5
64 24
11 15
74 28
33 30
8 23
5
9
26
11
19
25
7
51 5
16 29
92 30
72 30
2 7
11 14
93 12
4
1
23
20
30
10
52 5
65 5
12 15
92 8
42 10
98 6
7 12
12 19
83 24
19 14
4
1
29
4
8
1
100 24
5
14
29
17
6
6
2
77 21
36 9
4
18
3
2
8
8
15 26
31 28
57 6
44 7
16 1
43 26
24 6
13 10
1
14
8
57 24
54 17
53 17
63 19
12 27
95 30
83 27
10 17
5
6
16
29
4
24
5
47 6
51 26
28 14
53 12
85 8
2
28
12
1
84 11
5
21
23
12
7
13
1
70 25
4
27
18
30
21
10
99 4
69 17
2 7
89 1
82 20
12 28
45 27
97 29
57 7
63 30
5
20
18
17
11
27
2
57 29
47 21
4
12
21
15
29
8
95 27
98 30
36 28
69 21
65 1
89 11
84 4
32 14
2
5
23
10
53 23
82 16
36 22
25 1
67 14
29 27
34 20
4 7
89 12
90 10
2
6
24
9
53 19
62 10
2 24
94 21
14 3
27 21
57 13
7 13
65 3
2
21
30
3
35 6
93 3
95 30
4
18
28
6
5
4
67 15
85 19
22 17
71 13
3
25
20
6
8
73 1
97 8
47 1
7 21
44 2
15 16
18 23
93 2
4
16
8
19
3
8
67 7
93 5
61 20
16 16
86 2
64 29
65 19
26 25
1
17
7
41 14
9 21
60 1
98 30
19 28
58 21
22 22
2
29
23
10
53 27
50 17
5 19
88 24
15 18
60 21
77 21
17 1
73 26
43 27
5
27
10
4
8
28
2
60 26
100 30
2
10
4
4
97 12
99 29
38 17
22 19
5
14
8
8
29
12
1
91 1
4
28
10
18
14
10
75 4
47 30
32 2
56 17
80 7
85 7
75 5
86 28
46 20
1 17
4
24
23
28
1
3
86 2
50 25
69 21
2
10
24
9
86 29
20 28
5 24
30 11
95 27
32 2
70 9
100 8
46 14
1
6
1
77 6
1
29
3
68 5
45 7
91 14
1
9
4
4 23
12 7
73 4
97 18
1
4
10
44 2
1 30
30 19
98 26
17 4
80 18
49 28
49 1
61 19
93 12
3
17
29
3
6
5 20
70 6
66 4
16 21
70 8
2 17
1
26
4
7 24
73 6
100 6
47 24
3
10
3
21
5
23 17
60 7
29 23
17 8
77 20
4
24
7
24
26
6
20 12
94 13
45 6
77 14
81 30
38 24
1
23
2
58 23
99 4
3
16
15
3
4
80 24
95 7
53 14
78 10
5
8
29
29
1
13
5
33 19
2 1
42 25
95 8
75 22
3
23
27
22
3
83 14
57 17
31 26
1
12
4
47 26
21 28
27 3
15 24
2
28
4
6
46 7
71 30
48 25
82 23
42 22
2 28
4
6
2
12
13
7
41 23
65 10
78 16
56 24
27 10
24 6
40 7
3
2
4
2
4
44 27
100 8
62 4
56 25
5
27
4
28
2
21
9
5 22
45 12
64 19
93 11
21 5
30 11
82 1
56 13
80 16
1
6
1
89 20
1
8
7
83 16
15 14
43 2
13 17
67 17
91 2
90 10
1
30
7
93 24
82 23
6 8
19 6
64 13
39 20
34 29
2
2
17
9
10 25
18 7
37 20
40 21
15 5
69 27
85 28
76 16
13 1
5
19
29
14
3
5
7
51 21
8 6
21 9
22 18
100 18
62 18
91 11
1
27
9
39 24
16 6
73 28
44 12
40 26
27 25
86 10
81 29
57 10
5
26
26
27
2
22
4
16 25
47 24
84 1
34 4
2
23
23
9
83 8
69 3
5 17
13 15
10 6
17 30
62 9
62 22
13 12
2
21
30
8
43 17
24 15
8 15
88 1
58 29
41 20
63 17
22 27
3
27
28
27
7
53 11
68 1
37 27
16 17
100 28
13 1
37 5
1
18
5
36 4
32 24
78 18
95 27
66 2
3
27
16
28
10
76 1
93 7
64 9
30 21
37 24
16 22
76 18
9 7
10 17
78 6
5
8
30
3
5
18
6
73 15
26 8
38 9
97 21
37 24
43 22
4
24
12
23
30
9
12 17
83 18
24 29
21 12
21 10
63 25
92 26
72 30
70 14
4
18
9
19
12
1
25 18
5
20
11
10
25
8
7
2 16
33 18
63 2
80 12
1 28
32 14
19 26
1
25
10
58 13
65 17
6 27
32 17
93 17
21 28
5 26
8 6
13 7
72 29
5
2
10
4
2
22
7
63 11
20 22
80 20
86 20
83 1
57 30
95 17
5
13
14
4
11
9
1
100 26
3
30
14
14
4
93 5
54 14
96 12
21 10
4
19
8
22
21
6
65 2
50 21
88 4
45 29
22 8
53 23
3
27
23
2
5
1 27
28 18
21 19
11 2
91 14
1
19
5
33 13
74 11
12 18
54 5
73 1
3
22
9
11
2
35 18
83 22
1
4
8
5 10
92 10
61 2
37 20
50 26
26 8
29 11
8 26
3
28
24
18
3
13 15
39 7
20 8
4
15
29
10
23
3
68 20
23 17
49 5
4
15
28
20
21
8
24 21
12 16
39 6
20 10
78 14
9 23
77 30
3 23
4
12
5
2
5
2
87 12
1 13
1
15
8
72 4
83 18
86 11
59 21
55 10
6 11
75 12
59 7
3
4
22
26
4
92 29
22 25
84 9
74 16
1
25
8
62 19
7 16
74 25
32 25
13 23
13 30
80 13
58 29
2
18
6
8
26 24
60 14
54 28
8 3
94 1
70 24
36 14
77 12
4
16
30
30
13
3
89 6
57 26
23 25
2
15
16
4
21 9
99 8
47 28
68 1
5
14
10
7
26
7
5
35 1
18 2
57 1
30 30
5 9
3
21
7
5
3
54 19
2 5
41 27
1
23
5
82 20
73 12
91 4
70 25
80 29
1
26
3
12 9
88 23
76 22
3
7
24
11
1
82 16
3
14
2
29
9
88 18
90 21
6 20
6 10
86 8
37 16
24 30
37 19
35 22
3
17
29
26
6
70 18
88 27
91 21
70 23
97 16
2 21
1
25
5
1 25
89 17
26 24
92 9
76 1
2
20
26
6
20 22
96 20
96 20
46 19
95 30
48 24
2
17
14
6
27 2
20 26
20 11
80 25
27 28
59 15
2
24
9
2
54 30
1 1
2
11
9
9
1 21
29 9
88 15
53 11
57 9
16 16
23 14
60 20
29 21
1
26
3
90 17
93 13
58 5
1
18
6
32 30
57 29
91 11
68 17
92 15
17 4
4
23
27
30
3
3
19 18
82 24
90 28
2
30
18
2
66 30
15 10
1
27
8
72 5
18 2
96 26
98 5
52 25
47 8
80 17
80 22
3
13
8
1
1
32 25
4
28
12
29
14
10
30 13
4 27
99 10
87 30
44 16
100 15
76 14
5 2
64 12
23 12
2
13
3
9
86 24
75 9
57 17
79 22
38 7
90 11
21 28
99 29
98 21
4
16
3
14
21
3
77 5
27 15
65 8
4
3
27
4
19
1
17 27
4
21
18
8
29
6
95 9
31 24
28 12
52 17
49 13
27 22
4
9
24
16
6
3
23 11
19 25
51 15
5
1
18
13
14
21
3
92 7
58 7
90 7
4
28
2
21
13
8
49 4
24 13
76 27
72 28
55 12
22 28
73 22
47 7
3
26
12
15
10
42 2
19 4
78 4
69 9
91 1
48 17
16 22
40 26
34 25
17 16
1
27
7
64 21
92 2
52 10
81 16
18 18
24 23
30 29
1
28
7
33 20
89 16
30 13
1 15
13 28
40 8
8 6
2
15
11
3
36 30
98 4
87 27
4
24
3
22
28
2
93 25
96 12
4
10
28
20
10
10
41 16
56 14
35 6
83 19
22 28
68 4
45 21
79 21
52 16
67 16
1
29
5
15 17
11 9
44 26
63 8
45 13
2
28
16
6
58 20
78 27
31 25
48 12
97 27
94 4
4
6
19
21
16
6
34 5
48 10
95 4
4 21
20 6
15 25
5
16
19
14
11
6
6
50 15
9 10
34 4
37 21
83 7
7 19
5
27
15
18
15
4
5
20 22
7 29
20 3
18 3
53 11
1
2
3
97 2
94 9
54 15
3
30
20
12
6
15 30
8 28
59 17
2 14
2 4
13 27
4
6
30
10
17
10
65 1
96 13
25 9
12 7
35 11
74 5
95 4
70 28
72 26
77 26
3
12
27
5
9
4 16
38 6
59 20
5 8
15 14
62 4
26 5
61 17
72 10
1
20
2
93 9
90 18
5
13
18
28
16
27
4
47 20
63 29
69 12
39 29
2
13
22
6
100 14
27 28
10 8
17 21
30 20
79 10
2
20
27
1
50 29
5
6
12
4
11
5
7
10 14
35 26
21 11
55 14
79 4
89 19
16 5
1
4
8
10 24
86 7
38 24
88 11
26 6
17 25
52 29
67 1
4
25
22
24
20
1
38 1
1
12
6
72 17
23 14
25 27
92 12
6 15
62 19
2
18
29
5
27 29
25 25
89 16
92 9
23 30
4
13
20
9
13
4
75 28
27 26
47 26
5 21
5
1
5
5
4
5
4
18 3
14 20
64 16
65 28
1
3
7
14 21
20 20
35 4
99 8
83 12
73 19
88 23
5
17
13
14
5
10
8
63 10
17 12
53 18
85 28
44 21
14 30
37 4
62 18
3
7
9
4
10
69 17
76 7
81 29
55 12
70 14
79 7
18 25
62 2
32 3
90 22
2
25
9
8
49 6
60 19
82 22
82 8
9 9
57 13
62 7
13 9
2
1
20
8
11 27
92 18
21 7
22 4
90 10
80 15
49 25
89 14
4
20
20
14
24
5
85 2
71 16
58 3
15 9
49 25
2
28
15
8
18 5
15 17
87 11
76 30
75 7
54 17
53 23
63 24
5
29
20
9
18
11
2
53 23
3 27
2
11
23
6
2 15
83 2
93 9
86 7
63 22
7 3
2
14
14
7
32 5
51 30
58 22
63 13
65 10
59 9
79 28
3
22
16
30
7
51 19
11 26
40 8
41 8
84 16
35 11
21 6
2
24
30
2
29 13
29 7
2
7
24
7
62 17
63 14
40 8
61 23
1 11
21 5
70 21
3
10
8
4
6
35 30
68 26
11 11
31 17
34 27
71 1
5
24
2
2
28
21
2
44 16
54 14
2
4
22
1
12 11
3
30
25
16
8
7 28
9 10
62 18
36 26
54 23
41 4
35 6
32 26
1
15
4
16 11
87 5
32 30
36 20
3
10
29
30
10
91 23
33 14
66 4
15 13
57 12
46 28
99 2
16 29
13 12
72 11
3
13
10
4
10
70 19
42 26
10 2
44 4
47 7
48 7
7 23
5 29
4 2
11 8
4
2
7
15
28
4
14 23
67 5
55 7
91 13
5
20
5
12
16
10
9
7 25
63 8
39 9
93 30
44 27
35 27
51 17
61 30
92 26
2
27
2
10
85 23
26 22
41 10
7 21
97 2
60 21
73 24
68 3
15 7
43 28
4
29
25
15
19
2
17 18
74 1
4
21
13
2
14
2
72 11
34 19
5
17
14
4
24
12
10
8 24
82 16
10 10
6 14
27 23
48 29
85 27
70 10
12 25
14 1
2
9
13
3
85 12
38 21
26 24
4
17
5
5
23
9
30 3
7 13
65 14
2 26
86 1
24 29
15 6
60 30
96 11
2
24
27
10
37 12
69 22
40 1
79 29
64 28
41 26
69 1
91 16
56 14
95 5
4
17
22
27
7
10
90 15
26 1
78 15
69 1
32 24
39 25
29 23
2 6
80 17
94 13
4
3
7
22
17
1
90 16
3
2
30
24
4
96 16
74 12
49 1
16 10
3
8
26
21
8
74 16
24 7
9 3
18 15
34 30
35 21
87 8
22 10
2
20
11
1
1 8
5
2
10
15
10
25
3
24 29
6 13
53 7
5
14
25
18
13
22
2
92 13
43 13
1
25
7
40 7
85 13
8 19
3 18
35 15
77 8
78 22
3
1
5
8
7
83 17
97 2
10 8
23 7
99 17
52 8
1 23
1
2
6
29 11
66 22
54 15
58 13
27 29
1 6
2
18
2
2
85 4
65 24
4
30
11
14
30
8
66 21
61 6
3 1
64 3
11 28
85 24
23 5
88 7
2
23
27
7
59 27
5 10
75 29
95 9
23 7
63 7
85 22
5
11
7
7
4
6
5
58 4
74 14
36 14
62 16
59 13
5
22
12
4
3
25
4
32 18
20 17
97 13
76 30
4
4
24
1
28
5
21 26
39 17
56 1
1 1
96 8
2
19
26
6
38 23
29 10
53 24
72 7
79 5
31 3
1
9
10
76 4
10 14
6 3
59 17
26 18
16 19
45 13
92 22
28 12
1 9
2
2
14
8
10 6
72 5
48 22
97 27
19 10
19 10
3 16
62 23
5
11
9
25
30
5
5
76 18
40 9
84 12
85 15
100 6
5
25
14
1
19
25
9
62 24
41 29
43 2
11 17
43 4
82 1
26 1
10 8
24 6
1
6
6
66 14
13 20
76 28
84 27
48 7
65 5
4
7
7
13
2
3
82 20
41 4
33 22
1
21
4
60 17
17 18
52 29
21 10
1
27
1
69 30
1
1
7
70 25
90 26
18 16
41 29
98 24
47 28
86 19
4
21
5
14
13
8
84 9
15 4
59 23
85 21
46 8
20 23
48 10
51 29
2
17
7
4
93 6
24 14
51 18
26 19
4
24
5
9
9
6
64 21
25 11
1 14
94 29
5 20
4 14
5
20
29
11
14
21
7
44 25
36 30
91 22
67 19
34 18
88 25
92 18
1
20
2
84 7
1 18
3
21
18
19
3
38 26
86 20
76 14
2
21
22
8
47 5
29 14
35 21
92 24
75 22
13 26
59 20
80 23
3
12
20
20
8
12 25
35 22
49 4
23 1
23 14
9 22
47 2
96 28
3
15
18
23
8
77 18
12 18
56 23
19 19
24 29
25 2
69 3
69 14
5
19
8
19
14
21
4
59 17
15 14
97 15
43 16
2
22
26
1
92 11
3
3
14
14
10
3 22
33 5
66 29
98 9
55 21
12 19
91 30
85 4
51 11
24 8
4
10
9
28
18
8
30 6
64 25
55 25
5 21
6 15
37 20
32 1
34 8
5
30
20
9
21
3
4
18 21
18 28
25 25
37 8
3
21
28
25
10
52 1
58 5
76 21
22 26
96 15
19 11
63 7
53 12
68 2
89 24
4
3
2
19
3
4
7 25
70 2
61 2
95 28
4
7
15
20
15
5
46 30
76 27
86 23
22 9
66 10
5
29
19
20
18
7
5
96 25
17 10
75 29
21 25
55 19
2
30
11
10
62 26
35 15
30 23
19 8
81 26
56 13
76 26
37 15
99 24
78 27
3
5
24
10
7
9 2
93 29
6 7
70 17
28 21
93 16
62 17
2
18
13
3
57 25
89 29
35 18
3
2
20
14
7
71 21
92 22
22 12
31 1
24 26
89 8
44 11
5
28
12
30
4
2
9
97 21
45 24
5 28
45 16
84 2
74 2
47 9
32 15
45 12
3
3
8
2
4
66 30
20 10
63 27
97 29
4
19
10
21
8
8
40 10
95 16
97 13
41 13
17 28
29 20
72 5
94 4
4
3
7
2
1
6
9 22
94 5
28 6
27 14
4 11
26 6
2
5
27
3
35 15
10 14
76 4
2
10
16
2
94 26
75 6
3
23
27
27
6
67 19
26 8
79 27
61 22
13 2
2 1
4
26
29
6
18
5
7 26
91 20
33 3
67 2
90 13
2
10
19
4
17 18
26 7
85 18
34 11
5
16
4
7
10
22
4
87 30
64 24
3 5
60 28
4
11
21
5
18
9
85 13
95 14
94 13
54 10
11 5
74 28
99 25
91 18
19 10
1
7
6
23 25
90 26
75 16
82 28
57 24
94 25
5
6
15
20
18
28
8
10 3
98 19
3 28
55 15
84 5
62 6
4 6
28 14
5
19
5
21
9
26
9
62 12
46 20
32 18
61 21
58 25
56 27
45 28
47 12
32 24
5
15
16
1
24
10
1
41 27
5
3
8
30
18
24
3
85 3
36 4
76 23
2
15
26
4
93 29
21 13
39 24
46 4
2
24
6
10
91 19
51 9
63 15
55 5
17 9
45 11
96 14
96 17
79 17
78 28
2
14
27
9
64 20
74 3
5 16
38 27
87 8
95 8
76 27
9 20
95 20
2
7
27
2
70 1
46 24
3
19
9
9
6
79 23
75 21
63 27
52 2
53 28
45 9
4
21
2
14
16
9
93 6
84 25
90 20
8 22
87 2
41 9
35 15
24 2
40 5
3
2
11
12
3
92 26
40 2
44 7
4
30
15
24
30
2
61 6
76 8
1
29
10
96 3
31 28
53 29
56 17
52 17
79 2
24 28
57 21
21 8
8 20
2
19
20
2
26 5
57 2
4
30
15
14
29
7
69 17
67 3
60 20
25 30
65 1
39 21
76 18
4
29
24
12
29
10
33 2
49 28
6 18
87 2
87 17
59 19
20 10
17 8
100 14
33 1
1
1
2
50 4
38 7
5
11
29
20
3
11
6
44 14
60 27
35 22
18 3
59 16
99 1
1
30
10
77 29
38 6
90 8
72 28
77 27
71 3
74 13
12 3
94 1
18 6
1
27
4
25 3
8 18
6 28
16 19
5
30
28
23
28
2
2
30 20
20 12
4
16
8
26
24
3
1 11
70 28
7 28
3
22
13
1
4
16 15
5 21
82 10
53 21
1
6
2
39 7
34 18
3
4
29
19
7
41 10
82 4
42 9
80 25
74 28
6 2
12 10
4
23
5
14
1
5
98 28
13 15
77 27
15 19
74 25
4
7
12
29
28
5
91 16
42 17
25 28
9 2
75 28
3
16
20
6
9
70 26
75 25
52 5
10 26
20 6
80 2
50 7
49 30
92 2
4
25
22
11
17
5
62 22
88 30
9 7
10 10
90 2
1
25
2
63 2
86 12
4
3
8
4
17
10
99 19
44 9
6 29
84 28
3 23
15 21
16 18
35 5
76 18
84 9
2
6
23
1
52 8
2
18
7
10
45 5
90 29
90 4
25 6
2 5
24 16
61 3
46 30
69 19
49 19
1
5
10
7 6
25 10
53 24
36 14
37 30
16 18
20 16
4 15
69 16
47 23
1
9
1
54 7
2
17
13
5
95 13
84 7
25 11
44 3
24 17
2
10
26
3
8 4
19 1
84 16
4
29
19
26
27
4
39 7
90 26
93 2
45 8
2
8
28
8
12 24
52 28
23 14
10 19
89 1
88 6
63 26
49 28
5
5
2
28
9
25
2
14 15
95 13
1
8
4
1 1
46 25
15 17
67 23
2
7
5
10
97 20
48 17
28 7
17 7
17 30
97 19
24 20
91 26
79 19
38 3
4
5
8
6
22
1
90 27
1
21
9
99 25
74 21
69 3
66 8
82 25
65 3
33 9
14 5
97 23
5
30
18
22
2
18
8
52 3
83 26
70 17
10 25
29 22
41 9
84 29
30 26
3
15
23
25
1
50 20
4
19
18
20
2
7
96 13
69 25
37 21
61 1
17 7
28 17
81 9
3
17
30
7
10
27 23
59 15
8 14
6 19
37 12
72 2
1 28
71 30
3 16
44 3
3
18
25
13
7
71 17
50 7
41 27
53 14
85 25
7 11
1 15
3
28
27
10
6
70 20
40 14
28 9
83 3
43 16
79 22
2
27
25
9
70 18
56 18
99 22
75 14
27 26
71 19
55 25
67 6
93 1
5
10
21
11
10
13
7
88 28
17 19
34 20
75 20
57 6
59 20
58 5
1
7
9
38 14
83 10
68 2
25 11
23 11
69 11
25 3
37 17
70 29
3
19
8
22
9
34 10
49 15
51 27
69 22
71 15
79 4
2 11
59 5
54 21
5
1
2
21
22
14
3
2 19
51 6
95 23
2
29
11
10
26 21
6 22
64 16
2 5
8 18
78 12
83 17
49 20
76 24
48 6
2
28
4
9
33 24
36 12
72 30
15 17
78 6
62 21
56 19
30 30
29 15
1
14
3
51 26
65 12
11 9
2
25
18
2
46 4
5 3
5
16
14
2
17
10
7
52 5
59 29
55 29
57 4
1 23
56 24
99 24
5
13
21
2
24
23
10
1 20
38 26
100 20
43 20
33 3
7 9
52 15
74 5
97 7
28 15
5
15
8
20
19
6
5
7 12
21 11
89 1
94 28
52 10
4
2
22
22
30
7
72 19
28 10
45 1
33 8
55 21
33 2
32 30
4
7
24
8
5
2
93 29
26 26
1
28
3
94 5
9 19
56 1
1
5
1
43 20
3
14
5
17
3
74 15
98 4
60 29
1
27
4
61 27
21 26
55 27
64 13
4
5
4
25
17
1
55 6
3
4
7
9
8
87 21
71 11
71 11
70 23
88 29
47 3
43 28
65 19
1
13
8
60 27
20 1
93 21
12 7
66 5
73 6
83 24
93 23
3
11
29
30
1
96 25
4
25
15
16
20
4
39 17
63 17
19 24
64 27
5
22
21
14
30
25
1
5 9
3
6
5
27
1
46 28
5
7
20
15
27
10
7
42 11
82 25
64 8
68 6
96 4
81 28
29 1
5
12
21
25
26
9
1
47 22
2
12
6
1
1 3
3
6
10
8
9
29 7
39 17
32 26
88 1
43 23
37 21
34 19
95 29
6 7
3
19
20
22
4
8 18
86 11
85 19
75 11
3
24
23
10
3
73 6
60 10
88 12
2
21
8
2
67 2
87 14
2
18
14
1
40 21
2
6
25
4
69 13
19 15
50 2
27 6
5
20
15
7
10
18
10
74 1
14 29
57 9
88 6
4 23
8 4
24 3
57 5
12 18
98 29
3
25
7
16
2
79 21
21 29
4
14
14
25
18
4
3 3
13 28
61 19
74 20
1
9
1
83 17
4
20
18
30
5
3
15 18
97 2
69 10
4
11
14
30
28
1
66 15
3
27
15
23
3
59 1
55 28
56 17
4
23
17
14
12
2
22 27
92 29
3
6
19
14
2
94 4
23 9
4
15
1
4
17
2
54 1
36 27
4
13
6
20
25
10
13 10
34 4
11 28
28 30
97 17
1 10
23 10
58 17
71 1
60 22
1
6
8
8 16
50 24
4 6
10 13
23 28
92 6
82 19
3 5
5
20
26
4
8
8
7
61 23
86 10
91 20
99 24
2 27
60 23
37 29
5
15
10
23
10
12
6
100 16
85 6
96 25
95 30
53 6
7 24
2
2
8
5
94 12
52 16
49 28
99 10
59 18
1
26
5
50 1
90 23
22 3
67 27
21 22
4
25
26
13
5
1
88 2
4
20
30
20
17
1
80 1
3
24
11
16
9
73 16
56 21
5 18
33 30
14 7
98 6
80 15
34 19
57 2
2
10
25
7
79 21
41 28
92 20
93 11
46 28
45 4
72 1
2
16
1
2
36 16
64 4
5
4
2
15
29
18
6
88 14
62 2
42 23
35 26
57 20
88 16
2
13
11
6
79 29
45 11
2 30
72 9
54 5
63 20
4
9
13
24
4
3
7 10
96 10
50 11
2
9
13
1
94 16
1
14
9
32 13
55 27
6 2
82 1
87 16
20 22
3 3
100 12
38 7
2
4
1
10
100 17
14 30
45 6
97 13
98 23
47 14
36 4
16 12
27 4
48 6
4
19
8
1
5
8
100 15
63 28
17 6
62 15
35 2
37 1
60 25
66 27
1
9
6
48 18
58 3
93 19
35 4
17 25
74 19
4
12
28
14
10
8
76 13
30 30
79 19
55 4
62 14
33 1
99 24
93 15
2
22
17
8
72 6
85 13
24 22
28 5
14 1
30 16
42 16
25 4
2
15
5
1
71 27
5
22
9
23
29
6
4
78 12
73 16
32 25
67 18
3
25
24
4
5
71 30
3 25
74 28
49 4
55 14
1
22
2
93 20
38 22
5
4
28
23
15
22
4
55 28
73 7
48 21
93 12
2
23
24
7
64 14
54 10
43 10
11 15
62 6
98 6
19 28
3
11
5
2
4
61 5
35 17
40 19
43 27
4
29
11
18
11
5
14 30
26 23
10 18
67 5
17 8
2
20
28
8
20 11
90 11
49 27
45 5
72 30
21 19
34 4
2 13
2
11
28
5
53 2
86 4
48 9
60 28
17 13
2
28
4
3
13 15
41 22
13 26
3
13
25
11
9
73 16
66 8
21 13
87 29
10 18
19 30
97 11
62 1
42 19
4
2
23
9
8
3
39 29
56 13
88 26
1
1
7
50 16
83 9
45 18
90 28
93 21
32 3
62 13
5
6
25
21
25
25
7
55 22
26 24
70 11
38 13
86 10
10 19
94 24
1
28
10
30 30
96 12
5 9
92 6
93 6
32 7
69 17
29 20
5 13
50 1
4
14
4
9
30
3
94 13
3 21
3 14
1
11
5
87 27
49 26
98 6
51 16
56 19
5
8
21
19
7
22
7
15 14
86 6
32 10
64 27
11 20
14 6
54 5
5
12
20
8
17
5
10
4 8
72 11
14 13
86 26
25 3
11 29
21 6
33 9
35 1
36 5
3
1
22
13
1
93 29
2
29
15
2
88 10
84 8
5
2
9
19
24
27
4
58 23
47 16
76 28
34 3
1
5
6
47 27
92 3
97 6
95 13
21 19
67 5
3
30
6
23
10
62 27
25 2
97 24
90 16
20 12
44 24
81 4
90 9
65 16
61 5
2
28
13
10
30 3
85 12
12 26
80 28
3 25
9 13
31 15
8 7
15 21
58 18
2
6
24
8
54 1
63 24
30 23
41 21
38 1
86 30
29 2
50 6
2
16
16
10
73 25
34 30
27 27
48 5
69 5
63 18
47 18
72 15
14 5
77 18
5
4
23
28
12
15
3
26 18
7 18
93 30
1
4
8
4 21
43 6
68 28
95 5
62 23
38 29
7 1
45 28
5
28
13
12
9
15
10
23 2
68 20
70 10
25 27
47 20
24 20
93 30
77 9
73 17
17 23
2
25
9
8
39 8
50 18
53 24
17 19
14 7
79 27
73 24
79 16
5
8
19
8
14
25
6
8 4
36 2
96 20
40 21
80 6
53 8
5
12
5
27
27
16
1
63 9
1
20
3
100 3
58 3
31 14
2
8
2
6
77 13
3 11
45 12
28 20
55 29
66 24
5
1
3
14
22
4
10
50 3
96 24
44 30
88 11
45 3
44 30
54 17
17 12
23 5
97 28
4
4
18
6
25
9
22 24
25 9
35 13
100 17
79 4
35 4
80 3
91 23
33 24
4
10
2
4
18
8
40 7
52 27
51 8
75 8
75 4
65 20
75 20
13 16
3
30
7
12
3
39 9
78 16
91 24
2
6
3
3
66 7
43 10
62 22
4
23
20
30
25
7
78 3
19 27
80 29
87 27
40 17
7 25
97 2
4
20
2
28
24
8
87 6
53 8
43 14
31 7
92 18
18 12
50 13
21 6
5
17
16
15
12
26
5
62 22
71 25
76 5
58 9
39 23
2
30
14
8
5 16
17 27
64 5
2 6
10 30
80 24
8 5
42 4
5
9
16
3
19
25
8
16 25
97 4
35 3
76 15
44 15
11 19
35 11
54 18
2
13
29
5
97 11
58 9
27 17
21 17
16 18
5
4
6
11
7
18
2
40 11
78 12
3
23
7
16
1
3 3
2
9
27
7
22 3
80 10
59 15
57 24
89 30
99 23
27 1
5
27
6
10
16
3
6
67 20
79 5
12 27
76 21
44 1
79 1
5
28
26
24
14
23
2
60 19
40 18
4
13
4
11
27
6
39 12
85 14
33 10
67 19
68 15
33 15
4
29
12
12
8
10
53 26
19 14
92 6
78 6
1 3
31 1
42 14
63 21
97 12
77 16
5
7
21
1
11
23
10
58 28
37 3
23 2
73 15
42 15
56 19
15 15
14 9
48 7
26 1
3
12
30
22
7
78 3
93 2
67 13
2 11
25 7
71 30
67 24
3
19
27
16
7
37 1
40 25
99 14
25 1
6 11
78 3
35 24
4
14
8
9
16
6
51 26
51 21
53 20
84 20
48 19
46 21
3
12
13
1
3
3 18
61 20
49 12
1
9
6
40 23
49 2
53 15
35 5
90 27
46 15
4
11
11
5
22
10
68 18
98 11
78 30
55 6
5 26
57 10
54 29
24 9
96 22
40 14
1
21
4
46 17
72 10
88 26
81 4
3
23
2
11
10
58 29
86 18
85 17
62 1
46 26
51 3
84 27
49 9
100 18
28 13
5
27
12
11
4
12
6
100 24
49 1
86 6
56 16
21 5
52 23
2
8
25
2
52 21
27 24
3
3
15
1
3
6 7
71 19
6 12
3
10
7
13
2
8 4
71 18
2
8
18
3
21 6
39 23
6 21
3
10
9
18
8
76 22
52 24
65 3
50 6
3 15
91 10
75 13
91 25
2
21
30
6
90 30
20 18
18 23
69 15
97 17
28 30
5
28
8
8
10
8
1
87 9
3
5
3
14
7
97 6
28 4
97 18
61 25
59 14
1 28
97 5
1
22
6
29 23
51 16
82 1
59 6
7 29
16 14
1
22
10
12 24
16 17
20 20
61 21
53 8
7 6
82 19
59 20
51 18
94 26
5
16
10
2
6
13
7
15 1
7 18
95 8
98 16
99 17
53 23
87 30
2
8
6
8
44 29
52 24
29 6
8 29
34 26
97 7
45 11
73 21
2
8
17
8
50 6
34 26
47 4
44 3
80 13
20 7
17 7
7 8
3
27
24
25
8
7 13
52 6
59 16
73 18
100 29
71 26
54 13
16 23
5
5
4
14
13
17
2
36 5
80 23
4
15
14
22
22
9
49 9
18 13
15 3
90 16
97 1
49 10
54 19
43 7
46 19
5
9
25
16
1
7
5
90 1
49 21
34 21
87 10
26 15
4
9
1
25
30
9
73 30
72 16
92 25
23 15
46 17
95 30
60 19
15 4
16 23
3
28
12
17
4
99 9
6 2
77 23
66 30
2
27
20
8
34 17
83 13
79 29
15 19
92 28
92 19
37 6
28 27
3
30
24
3
5
27 26
83 28
54 11
63 4
68 12
3
18
29
22
1
70 3
2
4
20
4
8 6
62 11
27 7
70 29
5
6
1
24
18
14
2
33 1
58 16
2
2
6
8
82 28
89 30
94 8
69 12
93 24
67 11
35 11
31 29
1
9
6
42 12
79 16
61 15
79 11
62 7
13 6
4
21
16
9
4
8
2 29
89 22
90 26
25 12
22 22
24 3
10 25
80 30
2
24
16
6
66 7
69 28
10 20
67 4
17 16
9 29
3
29
18
20
6
69 24
48 9
8 3
78 28
57 9
49 27
5
29
25
30
26
15
7
97 10
77 30
74 5
65 13
15 18
26 17
89 22
4
4
26
13
13
7
17 8
89 18
74 8
62 6
81 19
22 1
85 27
2
8
21
2
16 23
20 30
1
26
10
93 11
93 13
29 15
85 9
57 23
32 4
35 22
70 5
49 21
81 3
1
20
3
10 1
82 22
41 28
2
7
30
2
54 20
74 7
3
10
9
28
9
72 20
22 1
38 28
5 19
65 8
30 2
38 24
33 22
67 25
1
26
2
44 7
16 6
5
22
25
17
4
1
9
89 3
80 28
73 19
4 9
46 14
74 17
13 3
51 9
4 8
1
25
1
81 29
2
8
14
9
37 3
38 21
32 24
73 30
29 18
44 9
72 18
41 22
77 23
4
12
25
19
10
3
24 22
76 11
18 5
3
8
17
11
10
15 18
43 17
16 21
51 20
69 5
13 2
55 22
16 7
98 16
36 27
1
21
3
57 17
96 5
16 10
1
8
8
30 21
2 21
23 18
4 4
26 16
34 29
4 23
53 26
4
29
6
2
12
1
96 5
3
15
11
11
6
66 2
38 5
35 17
26 1
93 5
70 16
2
27
10
6
11 27
15 15
89 4
43 4
9 19
20 16
5
8
28
23
2
19
1
64 4
5
18
27
8
11
16
3
99 9
14 6
91 25
1
16
8
67 23
69 21
59 29
21 25
90 26
29 12
22 1
57 20
3
29
23
6
1
90 3
1
25
8
94 21
40 18
78 30
96 16
2 6
90 27
27 9
1 6
1
20
2
3 13
20 5
2
18
6
8
41 7
79 14
8 6
50 8
9 3
47 19
55 10
26 4
3
3
11
19
1
7 5
2
22
1
7
77 19
53 22
9 8
82 17
53 8
54 2
30 27
2
24
8
4
69 4
89 4
69 6
35 28
3
23
27
12
1
77 23
2
25
19
4
42 27
74 30
30 28
62 18
4
12
11
8
23
9
20 15
45 22
74 12
40 25
50 22
66 1
73 22
69 1
80 21
4
7
4
24
7
6
30 13
21 19
20 16
94 27
7 12
68 3
4
1
11
19
10
10
73 11
38 18
86 29
12 25
31 20
89 17
21 1
33 27
64 15
67 14
4
20
4
23
15
8
91 23
77 5
59 28
66 23
42 20
33 5
42 2
57 20
3
23
12
22
8
92 4
34 11
27 10
28 8
50 8
54 26
54 12
100 13
1
18
6
20 10
94 18
79 30
29 5
65 8
100 21
2
25
10
5
83 29
52 10
94 15
22 17
100 7
1
5
8
25 1
26 30
53 10
85 12
1 25
100 9
39 17
22 19
5
4
16
20
15
18
6
23 6
42 26
63 18
5 24
15 14
90 13
2
3
16
9
30 5
24 29
77 3
89 5
67 1
38 3
76 29
22 13
87 20
4
3
20
10
26
4
16 12
26 25
54 27
30 2
5
22
6
13
26
2
10
93 9
85 3
77 10
83 3
69 4
49 11
82 20
93 20
86 16
34 1
5
11
19
8
27
15
5
51 30
43 20
31 16
4 22
67 14
1
9
3
76 30
52 8
61 9
3
7
20
25
6
42 6
23 27
56 15
89 30
49 1
23 21
2
2
17
8
57 20
41 6
15 7
13 14
71 26
63 29
6 20
59 7
2
11
15
7
92 14
3 4
75 30
21 29
4 5
27 8
89 19
4
14
11
6
10
1
9 1
2
19
18
7
43 13
5 5
66 11
16 5
85 22
85 1
92 19
5
1
4
4
9
27
3
93 29
35 26
61 24
2
10
12
9
92 8
4 9
17 24
6 13
7 4
55 28
44 15
93 29
41 2
3
11
14
11
10
99 14
85 14
27 29
37 10
39 3
2 6
9 30
44 14
4 29
32 24
3
29
10
7
4
70 20
80 23
5 18
60 28
1
26
8
51 10
4 17
49 23
38 2
79 22
13 22
79 21
77 19
3
21
18
8
8
84 19
100 29
21 28
94 16
1 5
10 11
84 26
44 29
5
11
28
2
25
2
9
31 13
43 2
23 14
72 17
30 17
56 8
62 3
5 16
6 4
3
19
2
25
3
42 5
76 20
65 6
1
17
9
94 30
82 17
92 7
68 26
3 19
59 21
46 25
7 24
84 2
1
30
2
10 2
51 24
3
16
11
2
2
42 30
55 7
3
30
21
1
5
36 22
45 1
1 15
59 12
42 8
5
22
2
27
18
3
10
66 20
21 1
71 23
8 17
4 22
100 10
10 5
28 11
22 28
20 17
2
12
13
8
97 12
32 13
39 23
100 20
32 27
60 24
53 11
89 18
1
8
6
43 28
48 13
100 27
31 3
67 20
27 4
5
30
27
30
26
17
3
32 30
45 6
65 18
2
1
17
1
68 26
1
18
6
50 7
21 8
100 13
52 1
22 5
18 23
4
10
9
20
20
10
34 28
2 22
31 30
36 23
80 4
58 1
80 22
85 19
50 23
64 12
3
26
20
30
6
72 13
69 5
83 9
6 27
63 7
78 17
1
4
1
80 12
3
1
12
3
2
84 16
51 17
2
21
23
5
83 26
47 19
99 14
100 21
41 1
1
29
2
99 8
22 7
2
11
30
6
49 16
65 8
37 21
81 17
11 22
23 28
1
20
8
68 30
2 27
38 29
17 4
61 16
19 14
19 11
65 30
1
28
8
88 14
3 30
60 27
87 9
19 15
42 20
42 21
12 3
4
23
13
21
13
2
20 27
41 11
3
29
7
1
9
47 26
16 7
29 3
85 22
79 15
38 14
40 14
57 25
44 13
3
28
23
26
7
84 16
91 11
73 10
88 12
5 8
62 10
42 2
4
29
23
1
15
9
69 30
23 8
59 8
40 8
12 13
38 21
14 8
86 7
78 19
1
18
10
47 16
19 28
86 12
93 10
65 3
81 25
56 26
35 12
74 14
63 29
3
29
6
5
8
23 3
29 13
14 22
83 10
34 18
35 3
92 5
17 17
5
20
20
14
11
3
7
97 14
82 15
84 14
39 17
2 21
97 9
37 28
4
26
27
17
16
1
49 25
3
9
22
23
9
49 21
1 11
39 25
35 3
93 9
1 5
72 13
78 16
51 20
2
18
1
8
3 25
18 26
64 4
96 29
19 8
95 8
56 15
26 18
3
4
9
27
2
58 2
92 4
4
1
12
8
5
9
70 3
50 7
48 23
70 13
75 22
30 28
50 20
33 7
33 7
2
23
2
4
8 23
24 10
22 8
25 1
3
27
2
23
6
40 11
49 15
64 20
8 27
96 4
62 27
2
10
2
8
92 22
22 3
56 22
98 18
1 27
81 29
22 10
24 4
5
8
16
20
23
16
9
7 11
46 29
95 24
80 7
85 24
70 6
18 25
40 2
5 26
5
25
8
17
1
20
9
39 9
54 24
61 1
6 28
24 26
81 27
3 3
87 15
15 28
5
17
15
12
4
5
3
27 1
82 26
24 30
4
14
15
27
3
6
91 21
53 12
29 5
71 25
31 12
53 26
1
21
7
72 14
5 17
78 29
13 16
55 30
37 27
18 2
5
27
30
15
25
4
3
20 2
20 12
52 27
4
13
2
20
29
2
81 24
10 4
1
6
5
29 18
80 11
76 12
92 27
65 16
2
12
18
1
38 10
1
30
1
32 25
4
20
25
25
21
5
54 25
36 27
27 19
53 13
87 10
4
13
28
27
29
10
76 6
82 16
5 13
50 15
82 18
66 28
96 24
80 18
60 2
90 16
1
1
3
33 18
91 27
62 9
5
21
6
23
22
14
1
70 19
1
29
2
10 11
23 10
3
20
7
5
3
50 12
8 4
80 4
4
19
9
27
21
4
77 9
93 28
24 19
71 28
2
18
20
8
80 7
69 18
88 25
24 15
36 26
7 2
18 5
45 19
4
21
15
1
7
9
57 25
49 7
86 10
85 10
77 29
95 25
42 5
28 29
8 1
4
8
1
22
19
8
11 1
16 28
46 3
44 25
41 17
34 14
75 14
58 6
1
3
7
39 23
12 7
47 13
81 9
58 24
39 23
21 3
4
21
2
17
24
10
49 14
22 20
9 10
79 20
64 15
1 3
8 7
8 19
36 10
47 27
3
12
5
14
6
64 29
79 14
7 9
39 14
90 5
33 12
1
28
5
82 9
72 28
10 9
95 4
74 17
5
15
12
2
10
22
10
91 2
57 8
9 28
38 2
93 13
94 27
46 11
77 18
19 13
52 14
2
26
22
5
21 18
96 18
32 3
90 10
30 2
4
30
30
30
23
8
64 25
13 1
96 4
38 2
62 23
23 28
14 29
38 3
3
9
30
1
10
73 11
96 2
2 7
30 11
2 20
3 17
51 11
30 22
79 6
85 5
1
12
8
24 23
41 4
48 6
98 3
38 1
37 20
48 1
37 11
5
15
15
30
6
21
4
72 22
86 22
62 21
31 24
4
17
26
30
11
5
42 6
1 23
77 21
86 30
89 15
5
8
26
29
2
29
6
45 12
28 10
70 11
60 11
37 29
11 20
3
1
24
20
4
96 2
34 4
2 28
98 21
4
11
9
28
27
1
94 19
4
30
21
12
23
7
95 25
67 26
42 11
15 22
74 14
30 15
12 29
5
6
28
17
13
15
2
3 7
13 17
1
17
2
54 22
63 21
5
20
30
13
19
11
9
15 21
64 6
68 6
30 11
87 8
43 3
63 27
59 10
99 1
1
20
7
17 24
17 16
60 9
49 6
50 12
17 20
65 11
4
5
18
19
30
1
16 16
3
28
24
26
6
3 29
43 25
92 5
9 20
59 26
19 10
1
22
7
9 27
95 17
74 12
3 24
17 21
2 15
33 4
1
20
1
92 27
1
25
7
85 19
97 15
32 5
71 21
9 3
50 24
82 12
2
8
23
8
85 25
70 16
78 28
8 20
5 2
87 13
96 3
36 5
2
2
21
4
64 20
64 7
7 28
21 1
4
24
28
25
15
10
14 6
95 13
20 8
1 12
17 6
18 24
22 9
96 24
26 29
38 5
2
18
23
2
48 22
12 19
4
29
6
22
9
10
14 9
1 5
70 27
84 24
52 9
48 14
55 18
80 2
25 7
46 17
4
18
18
9
6
2
53 17
91 7
1
25
6
13 14
40 2
63 23
13 30
89 29
39 17
2
8
17
5
48 21
72 6
30 21
12 2
88 1
1
27
5
69 8
8 14
37 3
56 28
82 20
3
17
25
2
4
56 16
51 15
4 7
56 25
2
23
14
2
67 21
21 9
3
26
19
9
4
22 26
97 2
49 23
30 25
4
21
22
8
18
10
48 15
55 21
83 3
83 16
36 3
34 5
74 1
95 9
29 27
86 15
5
19
9
7
8
23
5
22 27
79 27
9 24
80 23
60 28
4
10
13
6
10
5
51 10
15 4
34 15
18 21
8 21
3
27
5
5
2
77 21
61 13
3
3
25
16
4
76 18
27 3
92 27
6 2
3
11
23
19
1
11 24
5
9
12
4
17
10
9
15 9
16 23
68 10
85 10
50 21
20 7
67 3
98 28
83 28
2
4
6
6
54 9
76 18
13 21
11 6
9 15
74 20
3
8
27
29
3
22 13
11 15
100 26
5
5
23
14
20
1
3
48 25
92 7
59 23
4
5
29
17
27
10
77 21
67 6
25 16
65 24
82 13
37 14
65 19
99 6
93 3
49 6
3
26
5
19
5
45 16
9 28
100 3
46 27
24 20
2
5
22
9
25 10
73 5
31 30
40 25
99 28
75 20
31 28
97 30
34 23
4
7
13
1
4
3
93 7
77 26
5 26
5
14
27
13
30
14
2
10 13
2 30
3
23
16
19
10
22 12
80 10
24 16
79 11
48 12
54 16
69 19
89 7
78 11
77 7
1
15
6
57 26
34 13
15 18
63 12
98 15
83 26
1
18
4
22 29
66 8
82 8
83 20
2
6
28
10
45 14
16 19
91 26
63 15
66 1
5 13
18 28
73 27
98 16
76 22
2
16
22
9
20 15
75 26
65 14
20 7
81 15
44 29
75 13
36 26
89 25
2
29
6
8
87 12
89 15
3 23
83 2
40 2
71 6
9 3
68 30
1
5
1
9 30
1
18
10
4 18
18 30
56 21
88 16
88 9
53 23
3 18
33 26
17 24
3 30
5
4
26
30
6
3
5
85 30
17 22
85 10
7 13
12 16
5
12
24
10
16
18
4
50 18
54 14
15 20
32 9
5
4
20
3
21
23
2
63 13
80 29
5
12
17
18
2
7
10
16 26
95 22
67 28
72 21
74 19
8 11
1 22
33 16
35 14
18 29
3
19
20
3
2
51 2
63 1
3
12
16
7
6
16 2
36 11
80 23
59 15
2 25
30 7
3
16
1
28
1
64 28
4
30
16
24
10
7
85 25
29 28
88 18
77 3
16 17
72 2
41 21
1
18
9
42 27
80 22
74 16
95 8
62 16
26 7
82 11
49 3
10 29
3
21
21
18
4
39 15
53 1
82 26
48 22
2
7
21
6
76 8
80 25
36 24
36 20
80 17
44 7
4
2
23
10
29
8
67 27
86 30
62 12
34 27
85 6
72 15
88 4
11 17
2
25
16
1
61 14
3
28
6
27
2
80 15
92 26
1
21
6
31 9
68 5
19 21
91 2
100 6
44 21
1
13
4
72 18
92 15
34 7
4 30
1
19
7
89 27
60 22
17 22
54 1
58 25
79 6
25 22
5
22
17
25
30
27
10
72 25
45 28
87 16
40 28
18 28
76 30
50 15
20 27
20 15
95 5
4
20
11
23
5
8
74 3
2 11
27 8
78 28
32 21
91 6
46 23
56 10
4
16
2
29
6
3
24 26
50 6
23 15
5
23
16
2
6
5
4
3 14
4 30
96 21
87 22
4
11
9
16
21
5
93 15
84 28
93 9
35 21
92 23
2
21
19
10
38 4
67 18
67 7
66 5
52 7
13 17
94 15
3 13
36 15
7 20
3
13
8
14
1
57 26
3
8
26
18
4
48 17
25 30
12 23
55 30
5
25
22
22
19
27
3
33 26
75 20
13 24
2
12
15
3
22 6
31 12
94 5
5
29
26
28
28
11
1
24 11
3
18
14
11
6
52 17
81 29
28 9
62 29
31 17
70 10
3
23
7
20
4
23 24
93 14
39 20
16 19
2
4
16
7
39 4
69 2
56 3
65 6
23 6
56 3
55 21
2
2
22
6
76 5
70 3
93 12
75 25
85 24
65 19
5
2
4
8
16
3
10
64 23
13 4
33 6
76 14
92 12
49 11
89 2
7 6
1 17
76 3
4
6
1
22
24
5
3 27
19 11
52 27
46 11
65 13
1
14
3
50 5
46 29
54 5
4
15
13
22
15
7
5 13
26 1
40 2
43 20
2 6
28 28
31 14
3
15
16
17
2
24 11
87 21
5
28
27
8
17
18
2
59 23
79 4
4
20
9
14
18
9
46 13
92 11
81 2
14 26
55 16
35 25
79 19
61 17
89 28
1
7
7
6 21
18 4
19 8
46 25
4 16
71 22
90 25
3
17
8
1
7
38 10
73 16
13 27
25 21
78 26
50 24
14 11
2
12
2
1
33 4
2
13
21
9
3 18
9 21
86 9
21 26
91 20
63 14
14 3
78 3
76 24
1
6
9
29 30
11 28
45 5
2 5
65 14
59 10
58 8
40 10
13 13
3
30
25
12
5
73 13
33 30
47 5
59 30
17 8
5
30
20
25
27
25
9
59 6
14 22
100 8
14 26
80 19
72 19
42 29
44 30
60 14
5
10
22
25
29
7
9
92 26
93 21
82 28
12 7
92 2
29 1
80 26
16 10
88 26
1
16
2
98 7
53 27
4
15
12
15
16
10
76 13
29 28
75 24
83 24
88 1
52 25
85 13
80 15
22 26
98 2
2
11
21
8
59 12
92 25
55 17
47 18
93 23
75 20
89 22
85 26
4
28
4
11
11
5
80 5
56 4
43 5
23 17
43 27
5
30
9
14
12
9
9
46 8
25 25
82 20
68 23
31 5
17 13
91 13
87 7
87 19
1
2
10
10 20
90 17
84 7
16 19
54 27
89 5
7 30
34 25
32 28
11 13
4
13
27
1
11
10
47 10
48 4
30 10
78 23
96 30
41 7
91 30
68 30
61 25
61 6
5
14
18
12
18
24
9
63 2
77 6
64 22
51 28
72 19
72 24
98 24
32 14
39 18
2
27
2
10
26 7
61 8
91 27
72 13
72 29
72 18
43 10
27 30
78 14
57 6
4
27
6
20
8
6
85 16
91 9
73 17
95 10
62 7
69 20
4
29
28
23
13
6
85 23
39 9
31 3
43 14
39 6
15 20
5
23
26
26
14
18
5
91 21
19 25
8 22
72 30
16 7
4
22
17
15
19
10
4 4
39 23
37 17
36 5
75 21
53 15
11 20
48 15
42 18
34 25
5
11
23
3
23
14
4
9 20
51 25
75 2
1 28
5
22
5
26
30
8
2
42 4
12 9
5
1
20
1
25
23
10
2 27
98 21
100 12
27 9
7 7
85 4
27 13
73 18
15 30
59 6
3
3
26
13
10
76 15
56 16
82 15
26 8
68 2
97 26
54 22
71 17
38 21
5 3
1
6
8
74 29
35 17
55 8
21 17
33 12
100 30
99 21
57 18
4
1
14
9
5
2
18 9
73 22
1
21
4
74 30
13 2
39 23
92 7
1
13
10
96 24
94 28
48 22
80 23
42 18
13 18
79 5
47 18
38 17
87 4
1
13
3
52 11
82 20
32 6
5
19
21
3
12
19
10
8 27
82 15
36 23
55 23
77 30
22 3
57 3
85 4
75 23
31 28
2
5
7
7
91 5
31 25
67 12
54 5
78 10
10 18
43 6
1
27
10
53 5
100 8
89 30
2 4
91 4
33 27
11 23
25 17
48 17
77 16
4
15
3
11
28
1
42 3
3
18
29
5
9
24 14
20 4
20 16
80 20
56 30
8 25
99 21
1 14
62 29
2
2
23
2
29 24
100 13
1
3
2
54 10
62 5
4
27
15
5
19
4
36 19
50 2
88 30
66 25
2
2
26
5
15 19
64 4
7 5
5 29
43 8
2
20
12
1
98 29
4
25
11
6
26
3
39 9
57 19
96 25
1
14
1
31 1
4
7
22
10
7
3
12 16
86 7
87 24
5
12
22
20
24
1
6
46 8
84 21
4 10
24 22
40 22
35 8
3
2
15
5
6
47 16
64 2
67 10
68 14
21 12
57 25
4
23
16
30
21
3
71 22
31 2
58 4
3
19
10
5
1
24 28
5
10
14
16
12
29
1
5 11
3
9
13
16
6
88 12
41 17
58 12
39 17
8 24
84 26
1
23
1
53 18
5
4
5
8
9
29
4
27 29
12 11
32 5
23 17
1
27
9
10 1
92 21
6 4
40 20
62 2
24 26
19 4
72 11
67 13
3
27
13
23
3
64 20
25 19
18 25
4
9
14
27
28
8
84 14
78 12
72 19
33 10
5 18
83 24
96 12
78 11
5
23
28
13
26
19
10
71 17
19 15
45 19
38 12
78 7
5 28
15 9
90 14
26 18
18 12
3
29
3
12
3
38 18
74 19
20 29
1
20
2
35 17
21 3
1
27
4
2 24
39 30
48 1
68 29
5
2
9
3
14
21
5
84 29
24 29
23 21
49 7
63 26
5
26
11
14
25
1
8
48 13
76 2
47 10
13 18
65 13
75 8
64 22
97 25
4
24
18
18
26
9
20 8
88 7
54 15
88 7
51 4
98 24
80 7
35 27
78 29
3
20
12
8
8
98 16
22 27
53 7
66 5
63 20
13 22
25 1
93 16
5
3
17
8
26
30
9
8 9
12 26
53 10
75 29
20 5
31 10
50 5
22 27
67 12
2
25
18
3
46 19
75 10
40 24
2
13
10
8
44 17
52 6
84 13
41 1
52 12
25 7
48 25
19 26
4
15
5
23
9
3
28 30
29 11
78 23
5
12
5
18
25
23
3
9 26
55 14
53 24
1
3
8
80 26
9 14
35 21
19 17
58 23
49 14
77 17
61 2
1
25
1
5 14
4
5
21
15
12
3
81 28
35 11
93 18
1
16
6
27 12
64 26
91 12
27 17
1 3
44 5
1
19
7
32 20
78 18
70 1
40 14
35 2
99 11
82 2
5
7
15
15
23
24
8
68 24
5 26
87 2
91 15
41 18
21 10
67 18
46 22
4
16
9
20
5
5
72 24
10 25
62 1
8 3
95 24
2
3
28
2
77 2
79 13
1
19
4
27 15
56 15
26 2
46 5
4
3
13
7
28
5
46 29
2 25
90 3
43 13
8 25
4
20
11
4
17
9
92 7
92 13
22 17
38 11
81 17
77 23
94 12
18 28
24 9
2
22
23
5
77 22
95 14
100 22
86 21
7 22
2
14
12
9
45 21
6 20
67 19
68 27
50 19
6 21
45 17
51 23
75 17
5
28
10
6
9
25
8
42 2
42 30
21 5
11 17
8 19
70 14
52 17
3 12
4
6
7
6
4
6
64 16
16 11
6 17
43 17
5 29
54 19
4
6
16
12
26
2
77 1
90 9
2
25
29
9
78 7
50 28
89 22
35 4
27 23
60 10
17 24
93 25
19 18
5
15
19
16
20
16
3
62 25
13 11
39 13
3
15
10
28
2
10 13
23 12
5
12
1
1
19
11
2
94 15
49 29
2
13
14
6
97 19
93 10
4 17
35 21
46 11
79 4
2
26
6
3
42 23
85 27
26 23
3
19
22
15
10
26 2
69 11
81 23
86 2
91 15
58 7
88 6
76 22
43 26
6 12
5
21
18
23
27
13
1
29 6
2
3
19
2
65 23
54 4
3
22
16
6
10
23 11
84 7
71 30
90 15
66 30
64 3
7 1
90 15
47 22
17 6
3
16
14
24
7
72 24
17 14
53 10
7 28
29 25
60 15
93 13
1
12
8
67 12
73 4
32 10
80 23
28 29
25 3
30 14
59 19
4
20
23
16
30
6
67 14
59 29
26 2
80 21
56 3
51 15
5
4
6
1
25
14
2
42 20
47 25
5
8
9
20
15
29
2
70 3
72 11
5
30
14
28
19
1
3
10 21
8 28
83 6
1
1
9
24 21
43 11
12 30
79 19
98 18
10 14
17 6
36 2
91 10
2
9
16
4
35 18
94 25
69 29
66 1
2
30
28
1
90 24
3
13
22
27
4
75 6
59 25
66 1
21 15
4
23
19
18
24
8
65 7
4 29
42 15
22 23
60 1
80 26
88 3
63 2
4
27
14
4
9
9
72 16
36 24
37 10
51 23
4 20
93 21
36 16
33 23
96 4
1
30
3
15 24
98 27
15 14
5
13
7
6
20
14
2
95 21
14 29
5
19
17
5
20
20
6
98 13
63 9
4 15
43 14
72 29
41 28
2
6
13
3
32 2
29 3
91 16
3
16
4
18
10
98 18
2 17
75 4
30 18
1 15
33 26
34 16
65 22
41 20
90 13
4
8
16
14
1
9
20 9
86 16
27 11
75 18
65 30
92 5
61 15
51 10
47 5
5
9
18
19
20
7
5
82 7
20 12
94 25
1 25
27 3
3
10
11
27
9
59 6
63 25
53 13
11 25
26 12
2 19
83 20
34 13
62 3
4
7
9
7
22
9
73 19
91 7
68 30
18 14
43 3
20 22
80 30
15 28
13 13
3
5
14
22
3
66 6
70 15
46 3
1
9
4
35 4
24 10
45 23
24 24
5
6
18
29
14
5
7
66 12
47 28
93 8
70 15
16 4
34 9
25 12
3
23
23
18
8
18 16
93 15
96 2
45 24
93 15
45 8
22 11
53 15
4
15
7
1
13
8
86 28
51 27
64 4
48 2
5 10
96 24
24 10
5 27
5
1
12
27
26
13
4
84 18
12 23
41 27
97 4
5
26
20
20
23
11
6
10 16
26 14
82 4
88 14
87 14
30 9
4
11
13
25
30
2
55 24
54 5
3
20
16
10
10
55 9
83 3
92 23
66 12
53 23
3 12
45 5
25 14
62 5
60 15
2
8
12
8
72 16
32 22
62 9
9 4
47 14
61 30
71 17
49 12
4
6
23
14
10
5
4 1
39 9
22 29
14 6
40 25
1
22
8
56 25
17 28
59 24
6 8
40 21
91 27
58 30
14 15
1
18
7
34 1
28 18
31 24
4 23
31 8
72 10
26 19
2
22
25
4
31 21
84 19
63 28
19 16
1
20
1
23 11
3
19
1
9
9
86 14
27 11
89 25
66 26
12 12
43 6
96 20
78 19
92 18
5
12
9
7
29
13
7
100 18
49 24
100 3
46 20
71 25
13 16
73 2
3
3
19
19
10
18 28
23 6
9 18
39 14
67 3
48 17
15 8
78 10
8 23
26 21
1
26
7
56 28
78 27
18 27
25 12
91 7
25 5
61 13
4
18
6
15
8
8
69 16
13 27
8 26
57 11
95 27
43 29
19 19
75 18
4
11
29
24
17
4
4 15
55 17
56 8
55 23
5
24
5
20
10
27
9
15 18
70 9
13 11
51 26
6 3
36 9
81 21
22 17
40 13
5
20
25
8
15
18
7
22 15
61 12
17 29
73 24
20 21
62 19
45 2
2
7
9
6
80 8
16 26
77 11
80 2
63 11
5 12
3
1
2
6
4
34 21
8 21
4 18
96 20
3
12
21
21
8
77 30
6 27
78 29
69 18
51 17
14 29
9 5
100 12
1
22
7
79 18
41 30
45 27
81 24
30 2
39 1
74 1
4
12
10
2
2
3
44 3
86 28
34 7
1
9
5
70 22
48 16
17 3
61 8
21 19
2
9
4
1
14 10
3
14
14
29
4
36 29
25 3
22 10
31 13
1
14
2
61 2
56 23
5
27
25
12
8
11
9
61 14
74 11
61 3
81 7
14 2
86 19
3 27
4 20
27 9
5
17
2
17
2
30
6
78 17
21 8
94 29
65 7
17 20
68 27
4
1
3
3
3
5
45 8
94 25
82 30
25 16
35 10
2
15
17
5
95 12
64 8
79 29
61 24
31 13
5
27
22
22
18
2
8
42 7
6 8
39 22
31 5
49 13
51 26
87 8
21 15
4
26
2
10
16
1
43 26
2
28
28
3
65 12
3 21
68 28
3
26
12
2
7
1 19
58 14
66 25
69 3
74 21
9 26
29 16
4
2
28
15
21
4
44 11
64 1
62 8
9 24
4
16
2
22
6
1
36 25
5
5
2
8
6
15
10
100 12
45 23
34 11
35 21
87 26
28 20
58 4
76 20
51 1
82 13
3
22
15
5
6
93 22
51 6
67 28
75 6
95 12
56 26
4
5
1
1
22
10
29 1
45 4
73 7
37 8
56 10
16 14
11 20
96 9
53 20
39 19
2
4
1
5
65 4
82 29
19 17
74 24
97 1
4
25
8
20
13
9
30 15
46 15
60 9
80 22
90 15
84 26
3 19
60 6
62 7
4
8
11
20
9
1
81 13
2
8
1
6
10 23
31 29
18 16
21 24
2 25
73 12
2
17
20
10
98 20
49 27
98 4
16 30
16 13
20 10
50 18
97 6
70 25
60 14
3
22
23
20
9
21 9
86 21
54 7
18 4
14 15
42 18
63 1
26 23
99 9
5
6
5
18
27
8
4
70 12
98 16
48 2
31 14
5
27
28
10
10
21
6
92 5
14 28
46 4
53 6
11 20
34 5
3
7
18
21
2
26 11
69 2
3
14
16
25
