5
20
1
2
3
6
8
12
13
13
15
16
17
18
19
20
20
21
25
26
30
31

11
20
1
2
3
6
8
12
13
13
15
16
17
18
19
20
20
21
25
26
30
31

12
20
1
2
3
6
8
12
13
13
15
16
17
18
19
20
20
21
25
26
30
31

17
20
1
2
3
6
8
12
13
13
15
16
17
18
19
20
20
21
25
26
30
31

31
20
1
2
3
6
8
12
13
13
15
16
17
18
19
20
20
21
25
26
30
31


99
63
1
3
5
5
5
6
7
7
7
7
7
8
10
10
10
10
10
10
16
16
17
19
45
45
45
45
45
45
45
45
89
91
92
93
94
95
96
97
98
99
100
101
102
102
106
203
399
431
432
433
435
489
499
501
502
503
503
503
600
601
602
603
604

2
4
1
1
2
3